1 26
1 41
1 161
1 213
1 471
1 717
2 213
2 454
2 471
2 717
2 767
2 1026
2 1063
2 1532
2 1535
3 55
3 88
3 95
3 96
3 131
3 214
3 365
4 29
4 91
4 146
4 147
4 311
4 366
5 6
5 81
5 92
5 133
5 217
5 349
5 388
5 506
6 41
6 44
6 217
6 349
6 704
7 63
7 72
7 118
7 136
7 173
7 249
7 333
7 651
7 811
7 875
8 72
8 104
8 737
8 1238
8 1260
9 38
9 165
9 166
9 377
9 632
9 750
9 765
9 792
10 63
10 173
10 344
10 453
10 592
10 678
11 59
11 115
11 187
11 288
11 556
11 595
12 72
12 104
12 119
12 140
12 249
13 51
13 178
13 204
13 272
13 276
13 398
13 479
14 36
14 83
14 98
14 123
14 777
14 847
14 954
15 28
15 221
15 331
15 447
15 1284
16 58
16 121
16 132
16 168
16 176
16 843
16 860
16 870
17 134
17 145
17 320
17 397
17 420
17 669
18 51
18 84
18 104
18 129
18 141
18 737
19 34
19 64
19 128
19 174
19 177
19 902
20 154
20 489
20 667
20 749
20 1201
20 1244
20 1362
21 557
21 596
21 599
21 604
21 610
21 681
22 62
22 93
22 150
22 414
22 480
22 652
23 159
23 389
23 444
23 643
23 1320
24 25
24 212
24 263
24 446
24 486
25 42
25 45
25 250
25 324
25 405
25 439
25 446
25 486
26 41
26 44
26 161
26 391
27 198
27 380
27 491
27 605
27 713
27 920
27 974
28 58
28 132
28 221
28 258
28 360
28 447
29 94
29 146
29 263
29 366
29 448
30 148
30 325
30 326
30 461
30 620
30 819
30 853
31 180
31 259
31 352
31 404
31 1491
31 1492
32 78
32 164
32 309
32 320
32 344
32 375
32 453
32 592
33 35
33 48
33 289
33 323
33 1124
34 64
34 84
34 105
34 129
34 174
34 316
34 479
35 76
35 289
35 323
35 399
35 496
35 953
35 1006
35 1038
36 83
36 87
36 954
37 56
37 74
37 210
37 214
37 331
37 360
37 447
37 1286
38 120
38 166
38 167
38 426
38 750
38 771
39 460
39 553
39 780
39 842
39 868
39 1007
39 1199
39 1338
39 1352
40 200
40 376
40 451
40 783
40 785
40 1046
41 44
41 280
41 704
41 717
42 250
42 324
43 148
43 151
43 280
43 282
43 437
43 454
43 620
43 717
43 1026
44 217
44 390
44 391
45 46
45 164
45 324
45 439
46 97
46 164
46 439
47 69
47 75
47 107
47 123
47 777
47 885
48 111
48 184
48 323
48 494
48 1124
48 1372
49 198
49 257
49 295
49 403
49 673
49 876
50 140
50 141
50 275
50 276
51 129
51 141
51 276
51 479
52 90
52 119
52 140
52 275
52 840
52 1001
53 62
53 82
53 150
53 172
53 181
53 536
54 412
54 569
54 878
54 1008
54 1883
55 56
55 88
55 131
55 845
56 74
56 88
56 210
56 845
56 856
57 550
57 907
57 950
57 960
57 995
57 1052
57 1144
57 1167
57 1574
58 132
58 176
58 221
59 65
59 103
59 109
59 187
59 330
59 595
59 1264
60 93
60 182
60 231
60 277
60 347
60 455
61 85
61 237
61 529
61 915
61 1030
62 150
62 172
62 364
62 480
63 118
63 173
63 487
63 592
63 651
63 807
64 105
64 434
64 585
64 711
64 902
64 1513
65 102
65 103
65 109
65 117
66 94
66 212
66 296
66 328
66 381
66 448
67 306
67 696
67 730
67 822
67 917
67 940
67 996
67 997
68 321
68 808
68 834
68 878
68 936
68 1009
68 1590
69 75
69 98
69 106
69 107
69 468
69 1317
70 351
70 458
70 1220
70 1241
70 1250
71 76
71 162
71 399
71 493
71 637
72 104
72 136
72 249
72 1260
73 306
73 332
73 768
73 811
73 822
73 914
74 88
74 214
75 98
75 123
76 162
76 399
76 496
76 517
76 621
76 1006
77 86
77 275
77 398
77 513
77 990
77 991
77 1205
78 164
78 309
78 324
78 530
79 80
79 193
79 194
79 815
79 824
79 1867
80 169
80 194
80 219
80 824
81 133
81 217
81 374
81 545
81 1520
81 1534
82 163
82 170
82 181
82 380
82 536
82 920
83 87
83 98
83 376
83 392
83 606
84 129
84 174
84 573
84 737
85 237
85 529
85 714
85 733
85 1362
85 1366
86 178
86 398
86 1205
87 261
87 307
87 392
87 665
87 847
87 879
87 954
88 214
89 826
89 849
89 864
89 899
89 923
90 275
90 513
90 1001
91 92
91 147
91 311
91 545
92 133
92 197
92 311
92 388
92 506
92 545
93 150
93 182
93 347
93 652
94 112
94 328
94 366
94 448
95 96
95 131
95 135
95 257
95 335
95 346
96 233
96 234
96 346
96 365
97 164
97 196
97 439
97 450
97 487
97 523
97 807
97 832
98 99
98 123
98 376
98 468
98 541
99 468
100 101
100 152
100 216
100 586
100 813
100 1142
100 1282
100 1660
101 152
101 156
101 185
101 813
102 103
102 109
102 215
102 363
102 492
102 735
102 1236
103 187
103 215
104 140
104 141
104 737
105 316
105 434
105 769
106 107
106 171
106 699
106 1317
107 163
107 171
107 852
107 862
107 885
107 886
107 896
107 922
108 156
108 185
108 186
108 238
108 827
108 1157
108 1292
108 1301
108 1863
108 1875
109 117
109 735
109 1248
109 1249
109 1264
110 226
110 636
110 660
110 690
110 1263
110 1312
111 184
111 571
111 749
111 1124
111 1165
111 1224
112 149
112 197
112 311
112 328
112 366
112 505
113 200
113 376
113 606
114 160
114 343
114 345
114 469
114 637
114 1495
114 1496
114 1497
115 187
115 215
115 225
115 231
115 264
115 277
115 288
116 445
116 526
116 549
116 731
116 782
116 1004
116 1209
117 735
117 1249
117 1255
118 333
118 807
118 832
119 140
119 249
119 712
119 811
119 840
120 139
120 426
120 428
120 752
120 771
120 772
121 168
121 747
121 797
121 843
122 127
122 196
122 459
122 523
122 774
122 775
122 776
123 777
124 482
124 514
124 532
124 784
124 812
124 831
124 1350
124 1411
125 211
125 291
125 351
125 379
125 458
125 591
125 671
125 697
125 1393
126 232
126 444
126 489
126 490
126 1386
127 130
127 406
127 459
127 774
128 177
128 711
128 796
128 902
128 1036
128 1058
128 1409
129 479
130 205
130 406
130 427
130 755
130 773
130 774
131 135
131 257
131 833
131 845
131 937
132 202
132 258
132 850
132 870
133 545
134 147
134 153
134 397
134 420
134 1262
135 257
136 173
136 1260
137 818
137 830
137 837
137 838
137 839
137 1016
137 1835
137 1836
137 1857
138 661
138 676
138 695
138 696
138 708
138 728
138 729
139 205
139 428
139 752
139 753
139 793
140 141
140 275
141 276
142 474
142 496
142 517
142 524
142 621
142 745
142 1332
142 1617
143 175
143 494
143 549
143 574
143 639
143 1004
143 1154
143 1349
144 222
144 500
144 520
144 1294
144 1360
145 146
145 250
145 263
145 309
145 320
145 397
146 147
146 263
146 397
147 153
147 397
147 545
148 158
148 280
148 325
148 620
149 166
149 242
149 328
149 372
149 378
149 402
149 505
150 181
150 182
150 337
151 295
151 437
151 620
151 853
151 974
151 1240
152 185
152 216
152 229
153 374
153 545
153 644
153 1262
154 274
154 299
154 490
154 800
154 1201
154 1362
155 1080
155 1096
155 1104
155 1156
155 1512
155 1536
155 1543
156 185
156 813
156 827
156 1879
157 199
157 543
157 701
157 1163
157 1212
157 1213
158 280
158 300
158 325
158 349
158 417
158 704
159 220
159 365
159 522
159 643
159 1286
159 1313
159 1320
160 343
160 430
160 700
160 1497
161 361
161 391
161 471
161 1172
162 457
162 621
162 637
162 1202
163 170
163 171
163 823
163 852
163 861
163 920
164 324
164 487
164 592
165 166
165 239
165 334
165 377
165 402
165 632
166 167
166 328
166 378
166 381
166 402
166 632
167 381
167 426
168 176
168 339
168 555
168 747
168 1322
169 195
169 219
169 810
169 824
169 1856
170 171
170 181
170 699
170 1228
171 699
172 346
172 348
172 364
172 403
172 536
172 713
173 651
173 678
173 1260
173 1261
174 177
174 294
174 449
174 573
175 494
175 639
175 1011
175 1054
176 221
176 339
177 294
177 367
177 449
177 902
177 1086
177 1097
177 1409
178 204
178 398
178 1205
178 1206
178 1207
179 180
179 223
179 224
179 799
179 1557
179 1558
180 223
180 352
180 1258
180 1491
180 1558
181 337
181 1228
182 264
182 277
182 337
182 809
183 308
183 401
183 608
184 494
184 571
184 1011
184 1054
184 1490
185 186
185 229
185 230
186 230
186 266
186 279
186 314
186 1292
186 1301
187 215
187 225
188 189
188 190
188 238
188 1116
188 1157
188 1302
188 1875
189 190
189 191
189 238
189 252
189 284
189 285
189 1302
190 191
190 803
190 1116
191 192
191 253
191 267
191 285
191 803
192 193
192 253
192 803
192 814
192 815
193 194
193 218
193 253
193 815
194 218
194 219
194 254
195 219
195 256
195 271
195 810
195 836
195 880
196 450
196 523
196 776
196 795
197 242
197 311
197 388
197 505
198 295
198 403
198 713
198 974
199 413
199 701
199 1039
199 1075
199 1212
199 1213
200 376
200 606
200 783
201 295
201 419
201 817
201 819
201 826
201 899
201 919
202 210
202 850
202 856
202 870
202 923
203 237
203 407
203 599
203 681
203 733
204 272
204 769
204 1207
205 427
205 428
205 754
205 755
205 793
205 794
206 207
206 244
206 468
206 518
206 541
206 542
206 548
206 1046
207 451
207 518
207 1046
208 452
208 481
208 485
208 521
208 561
208 562
209 431
209 516
209 716
209 801
209 1197
210 258
210 360
210 850
210 856
211 291
211 379
211 534
211 570
211 1128
211 1365
212 296
212 319
212 406
212 427
212 446
212 448
212 486
213 471
213 717
214 220
214 365
214 522
214 1286
215 225
215 231
215 283
215 363
216 229
216 265
216 586
216 1282
216 1295
217 390
217 1520
217 1534
218 253
218 254
218 268
218 287
219 254
219 255
219 256
220 522
220 1286
221 339
221 1284
221 1309
222 501
222 1002
222 1099
222 1294
222 1360
223 224
223 1477
223 1478
223 1491
223 1679
224 475
224 799
224 1121
224 1679
226 362
226 611
226 1263
226 1312
227 235
227 438
227 558
227 694
227 706
227 707
227 743
228 465
228 466
228 527
228 528
228 535
228 971
228 1256
229 230
229 265
229 278
229 312
230 278
230 313
230 314
231 277
231 283
231 455
232 248
232 389
232 444
232 490
232 607
232 631
232 1386
233 234
233 346
233 480
234 350
234 365
234 373
234 389
234 480
235 281
235 310
235 558
235 706
235 1215
236 294
236 653
236 677
236 1086
236 1223
237 681
237 733
237 1030
238 252
238 266
238 284
238 1157
238 1301
238 1302
238 1321
239 304
239 334
239 377
239 408
239 764
239 791
239 792
240 329
240 340
240 396
240 488
240 770
240 789
240 790
240 863
241 358
241 434
241 769
241 1189
241 1207
242 300
242 372
242 388
242 505
243 260
243 301
243 830
243 855
243 1805
243 1809
244 518
244 548
244 798
244 1555
244 1887
245 307
245 547
245 606
245 783
245 1199
245 1338
246 1107
246 1127
246 1153
246 1158
246 1364
246 1470
246 1503
246 1521
247 251
247 476
247 664
247 801
248 607
248 1217
248 1224
248 1386
248 1447
249 811
249 875
250 263
250 309
250 324
250 486
250 530
251 290
251 539
251 664
251 801
251 1273
251 1475
252 284
253 267
253 285
253 286
253 287
254 255
254 268
254 269
255 256
255 269
255 270
255 271
256 271
257 335
257 348
257 673
257 833
257 876
257 937
258 360
258 850
259 404
259 457
259 993
259 1492
259 1493
260 301
260 302
260 303
260 858
260 1809
261 262
261 307
261 575
261 665
262 385
262 575
262 665
263 448
263 486
264 277
264 288
264 445
264 809
264 1082
265 278
265 1295
265 1318
266 279
266 1301
266 1321
267 285
268 269
268 287
268 353
268 354
269 270
269 354
269 355
269 356
270 271
270 356
270 357
271 357
271 880
271 903
271 909
272 316
272 479
272 769
273 399
273 407
273 493
273 604
273 709
273 951
273 1123
273 1222
274 299
274 444
274 490
274 525
274 1313
274 1320
275 276
275 398
275 513
276 398
278 312
278 313
278 1318
279 314
279 315
279 370
279 371
279 1321
280 282
280 704
280 717
281 310
281 558
281 753
281 754
282 717
283 363
283 455
283 1236
284 285
284 315
284 1321
285 286
285 287
285 315
285 338
285 1326
285 1331
286 287
287 338
287 353
288 445
288 556
288 1884
289 619
289 1038
289 1124
290 539
290 1114
290 1475
291 458
291 543
291 697
291 908
291 959
291 1128
292 445
292 552
292 782
292 809
292 1082
292 1136
292 1341
292 1345
293 407
293 464
293 667
293 733
294 449
294 573
294 1086
294 1223
294 1226
294 1227
295 419
295 853
295 876
295 919
295 974
296 319
296 381
296 426
296 428
297 330
297 410
297 415
297 595
297 927
298 430
298 557
298 604
298 610
298 709
298 1247
299 525
299 714
299 800
299 1184
300 349
300 372
300 388
300 402
300 417
301 302
301 359
301 855
301 892
301 912
301 913
302 303
302 359
303 359
303 382
303 433
303 858
303 871
303 873
304 326
304 334
304 340
304 408
304 461
304 488
305 410
305 598
305 642
305 821
305 1065
305 1885
306 730
306 768
306 776
306 822
306 893
306 917
306 940
307 385
307 392
307 575
307 606
307 1199
308 386
308 401
308 608
308 682
308 748
309 320
309 530
310 705
310 726
310 751
310 752
310 753
310 1215
310 1312
310 1323
311 366
312 313
312 336
312 1318
312 1328
312 1329
312 1395
313 314
313 336
313 368
314 368
314 369
314 370
315 371
315 1321
315 1326
316 479
316 769
317 633
317 825
317 915
317 992
317 1115
317 1179
318 399
318 609
318 619
318 951
318 1038
318 1222
319 427
319 428
320 375
320 669
321 834
321 878
321 918
321 955
322 347
322 455
322 634
322 639
322 958
322 986
322 1154
322 1236
323 494
323 496
323 953
323 1300
323 1372
324 530
325 326
325 417
326 327
326 334
326 417
326 461
327 334
327 402
327 417
328 378
328 381
328 426
329 770
329 788
329 816
329 826
329 849
329 863
329 898
329 956
330 410
330 595
330 642
330 1248
330 1264
331 447
331 525
331 1286
332 712
332 811
332 840
332 914
333 811
333 832
334 377
334 402
335 346
335 348
336 368
336 1329
336 1330
337 809
337 1228
337 1340
338 353
338 1331
338 1333
338 1335
338 1336
338 1337
339 555
339 915
339 1296
339 1309
340 408
340 488
340 790
340 791
341 384
341 780
341 829
341 867
341 868
342 585
342 1058
342 1153
342 1521
343 345
343 430
343 709
344 453
344 592
345 493
345 637
345 709
346 348
346 364
346 480
347 418
347 455
347 652
347 958
347 1265
348 403
348 673
349 388
349 704
350 373
350 409
350 414
350 480
351 458
351 588
351 635
351 671
351 1250
351 1393
352 404
352 524
352 1258
353 354
353 421
353 1333
354 355
354 393
354 421
354 422
355 356
355 393
355 394
355 423
356 357
356 394
356 395
357 395
357 425
357 478
357 909
357 928
358 434
358 585
358 854
358 1189
358 1190
359 382
359 432
359 465
359 913
359 926
360 447
361 391
361 538
361 594
361 1043
361 1172
361 1187
362 611
362 645
362 1312
363 1236
364 480
365 389
365 522
365 643
367 653
367 963
367 1086
367 1097
367 1105
367 1507
368 369
368 440
368 1330
369 370
369 440
369 441
370 371
370 441
370 442
370 443
371 443
371 1326
371 1331
372 402
373 389
373 409
373 607
373 631
374 545
374 644
374 1520
374 1536
374 1537
375 453
375 669
375 1257
376 541
376 606
376 1046
377 792
379 534
379 591
379 597
379 1062
379 1431
380 536
380 713
380 920
381 426
382 432
382 433
382 466
382 871
383 576
383 907
383 987
383 1430
383 1446
383 1574
384 540
384 780
384 867
384 1007
384 1010
385 460
385 553
385 575
385 665
385 820
385 879
385 1199
386 401
386 674
386 682
386 1277
386 1283
386 1298
387 1186
387 1314
387 1315
387 1319
387 1324
387 1353
388 506
389 444
389 631
389 643
390 391
390 1120
390 1520
391 594
391 1120
392 606
393 422
393 423
394 395
394 423
395 423
395 424
395 425
396 488
396 819
396 863
396 898
399 493
399 1006
399 1038
399 1222
400 445
400 574
400 744
400 1003
400 1053
400 1209
400 1211
400 1884
400 1886
401 608
401 666
401 1285
401 1298
401 1303
401 1310
402 417
403 673
403 713
404 457
404 524
404 621
404 1135
405 406
405 439
405 446
405 459
405 523
406 427
406 446
406 459
407 464
407 599
407 604
407 609
407 733
407 951
407 1123
408 791
409 414
409 418
409 607
409 652
410 415
410 642
410 821
410 1885
411 462
411 538
411 618
411 972
411 1542
412 569
412 878
412 884
412 888
413 544
413 697
413 1039
413 1213
413 1220
413 1221
414 480
414 652
415 715
415 821
415 927
415 1003
416 429
416 435
416 436
416 960
416 1862
416 1872
416 1878
418 607
418 652
418 958
418 1217
418 1218
418 1265
419 819
419 853
420 669
420 1246
420 1253
420 1262
421 422
421 507
421 554
421 1333
421 1337
422 423
422 507
422 508
423 424
423 477
423 508
423 509
424 425
424 477
425 477
425 478
425 510
425 511
426 428
427 428
429 436
429 1186
429 1327
429 1328
430 700
430 709
430 1247
431 801
431 1064
431 1197
431 1273
431 1334
432 465
432 466
433 466
433 467
433 873
433 904
433 916
433 934
434 585
434 769
435 436
435 452
435 736
435 950
435 960
436 452
436 1328
436 1329
437 605
437 974
437 1026
437 1240
438 694
438 695
438 727
438 728
438 743
439 523
440 441
440 452
440 485
440 502
440 521
440 1330
441 442
441 502
441 503
442 443
442 503
443 503
443 504
443 1331
443 1335
443 1336
443 1346
444 490
444 1320
445 782
445 1082
445 1209
445 1884
447 525
447 1284
447 1286
447 1291
448 486
450 795
450 832
451 518
451 785
451 1046
451 1559
452 481
452 485
452 736
452 1061
452 1329
452 1330
453 678
453 1242
453 1252
453 1257
453 1261
454 717
454 1026
455 1236
456 470
456 635
456 668
456 732
456 1168
456 1182
457 621
457 637
457 993
457 1202
457 1219
458 697
458 959
458 1216
458 1220
458 1393
459 523
460 553
460 868
460 1199
461 488
461 819
462 514
462 587
462 972
462 1348
462 1413
462 1542
462 1546
463 781
463 796
463 1022
463 1097
463 1105
463 1400
463 1507
464 603
464 609
464 619
464 667
465 466
465 527
465 926
466 467
466 528
467 528
467 934
468 541
468 542
468 590
468 1317
469 637
469 1122
469 1495
470 635
470 668
470 735
470 1250
470 1255
471 618
471 1172
471 1535
471 1542
472 504
472 554
472 563
472 583
472 601
472 630
472 636
472 1293
472 1346
472 1347
473 499
473 857
473 1344
473 1554
473 1557
474 482
474 524
474 532
474 1332
475 483
475 799
475 844
475 1121
475 1677
475 1679
476 516
476 539
476 664
476 801
476 1485
476 1489
476 1683
477 509
477 510
477 567
478 511
478 928
478 942
481 561
481 577
481 578
481 736
481 1061
481 1195
481 1342
482 524
482 532
482 533
482 812
482 831
482 851
483 560
483 738
483 802
483 844
483 1675
483 1676
483 1677
484 516
484 560
484 716
484 1673
484 1674
484 1675
485 521
487 592
487 807
488 819
489 490
489 1201
489 1244
489 1386
489 1447
490 1201
491 589
491 605
491 767
491 823
491 900
491 920
491 976
492 634
492 668
492 735
492 744
492 1236
493 637
493 709
494 1054
494 1300
494 1349
494 1372
495 672
495 702
495 1064
495 1197
495 1351
496 517
496 953
496 1300
496 1332
496 1617
497 498
497 650
497 1045
497 1505
497 1525
497 1667
497 1668
497 1680
498 519
498 650
498 1680
499 812
499 831
499 857
499 1090
499 1344
499 1411
500 520
500 781
500 1155
500 1294
500 1297
500 1400
501 551
501 975
501 1002
501 1099
501 1177
502 503
502 521
502 562
502 581
502 582
502 583
503 504
503 583
504 583
504 1346
507 508
507 537
507 554
508 509
508 537
508 564
508 565
509 565
509 566
509 567
510 511
510 567
510 568
510 942
511 942
512 518
512 569
512 886
512 941
512 1066
512 1559
512 1883
513 990
513 1001
514 587
514 731
514 778
514 784
514 1348
514 1350
514 1546
515 961
515 979
515 1031
515 1273
515 1419
515 1502
516 716
516 801
516 1673
516 1683
517 621
518 1066
518 1559
518 1887
519 546
519 650
519 828
519 1665
519 1667
519 1680
520 1119
520 1297
520 1360
520 1519
521 562
521 580
524 533
524 621
524 745
524 851
524 1135
524 1258
525 1184
525 1286
525 1291
525 1313
526 531
526 549
526 731
526 784
526 805
527 926
527 948
527 970
527 971
528 934
528 949
528 1256
529 714
529 915
529 1184
529 1296
531 532
531 784
531 805
532 784
532 805
532 1332
533 851
534 570
534 584
534 1062
534 1431
535 971
535 973
535 980
535 1256
536 713
537 554
537 563
537 564
538 618
538 972
538 1043
538 1108
538 1187
539 664
539 1114
539 1488
539 1489
539 1529
539 1681
540 808
540 834
540 842
540 867
540 936
540 1009
540 1010
541 1046
542 548
542 590
542 699
542 1228
542 1340
543 701
543 908
543 1128
543 1213
544 598
544 1039
544 1204
544 1220
544 1221
544 1234
546 828
546 1200
546 1325
546 1665
547 746
547 783
547 806
547 994
547 1338
547 1339
547 1590
548 552
548 798
548 809
548 1340
548 1555
549 805
549 1004
549 1349
550 962
550 1100
550 1109
550 1143
550 1149
550 1167
550 1574
551 975
551 979
551 1177
551 1404
552 798
552 809
552 1345
552 1882
553 820
553 829
553 868
554 563
554 1337
554 1347
555 915
555 992
555 1322
556 595
556 927
556 1884
557 596
557 610
557 1040
557 1247
557 1310
558 743
558 754
558 755
559 736
559 950
559 1052
559 1130
559 1195
560 716
560 738
560 1675
561 562
561 578
561 579
561 580
562 580
562 581
562 626
562 627
563 564
563 593
563 611
563 1263
563 1293
564 565
564 593
564 611
564 612
565 566
565 612
565 613
565 614
566 567
566 614
567 568
567 614
567 615
568 615
568 616
568 617
568 641
568 942
568 964
569 886
569 887
569 888
569 939
569 1883
570 584
570 701
570 734
570 1075
570 1128
570 1365
571 1150
571 1217
571 1218
571 1224
571 1490
572 584
572 598
572 1039
572 1062
572 1065
573 737
573 1226
574 634
574 744
574 1004
574 1154
574 1209
574 1211
576 859
576 1109
576 1430
576 1446
576 1464
577 578
577 600
577 622
577 623
577 624
577 710
577 1342
578 579
578 600
579 580
579 600
579 625
580 625
580 626
581 582
581 583
581 627
581 628
581 629
582 583
583 601
583 629
583 630
584 1039
584 1062
584 1075
585 854
585 1058
585 1153
585 1208
585 1513
586 1270
586 1271
586 1281
586 1282
586 1295
586 1660
586 1874
587 972
587 1350
587 1413
588 635
588 671
589 605
589 767
589 1026
590 699
590 1317
591 597
591 671
591 1047
591 1164
593 611
594 1043
594 1087
594 1120
594 1287
595 927
596 681
596 758
596 1040
596 1179
596 1751
597 1062
597 1065
597 1164
597 1230
598 642
598 1039
598 1065
598 1204
599 604
599 681
600 624
600 625
601 630
602 623
602 654
602 663
602 674
602 683
603 619
603 667
603 749
603 1165
603 1459
604 610
604 709
604 1123
605 974
605 1026
606 783
607 631
607 1217
608 666
608 748
608 758
608 1040
609 619
609 951
611 612
611 645
611 1263
612 613
612 645
612 646
613 614
613 646
614 615
614 646
614 647
615 616
615 647
615 648
615 649
616 617
616 641
616 649
616 661
617 641
618 1172
618 1187
618 1542
619 1038
619 1124
619 1165
620 853
621 745
621 1135
622 623
622 663
622 710
623 624
623 654
623 655
623 663
624 625
624 655
624 656
625 626
625 656
626 627
626 628
626 656
626 657
626 658
627 628
628 629
628 658
629 630
629 658
629 659
630 636
630 659
633 747
633 797
633 825
633 992
633 1181
633 1322
634 744
634 1154
634 1236
635 671
635 925
635 1182
635 1250
636 659
636 660
636 1263
636 1293
637 1122
637 1202
637 1219
638 641
638 661
638 662
638 965
638 966
638 982
638 996
639 958
639 986
639 1011
639 1154
640 883
640 1180
640 1203
640 1388
640 1424
640 1456
640 1545
641 661
641 964
641 965
642 1204
642 1248
644 1262
644 1537
644 1538
644 1539
645 646
645 691
645 1312
646 647
646 679
646 691
647 648
647 679
647 692
648 649
648 692
648 693
648 694
649 661
649 670
649 694
649 695
650 828
650 1045
650 1196
650 1501
650 1511
653 677
653 963
653 1083
653 1086
654 655
654 683
654 684
655 656
655 684
655 685
656 657
656 685
657 658
657 675
657 685
657 686
657 687
658 659
658 675
658 687
658 688
659 660
659 688
659 689
659 690
660 690
661 662
661 670
661 676
661 695
662 676
662 996
663 674
663 710
663 1283
665 847
665 879
666 1040
666 1310
667 733
667 749
667 1362
668 735
668 744
668 1053
668 1168
669 1239
669 1246
669 1257
670 695
671 925
671 1047
672 961
672 1005
672 1064
672 1108
672 1351
672 1384
674 682
674 683
674 1283
675 687
676 696
676 996
677 1083
677 1091
677 1223
677 1229
677 1233
677 1239
678 1261
679 691
679 692
679 706
680 975
680 1073
680 1080
680 1093
680 1156
680 1203
680 1506
681 1030
681 1179
682 683
682 703
682 718
682 719
682 748
683 684
683 703
683 719
683 720
684 685
684 720
685 686
685 720
685 721
685 722
686 687
686 722
686 723
687 688
687 723
687 724
688 689
688 724
689 690
689 724
690 724
690 725
690 1312
690 1323
691 705
691 706
691 1312
692 693
692 706
692 707
693 694
693 707
694 695
694 707
695 727
695 728
696 708
696 729
696 730
696 996
697 1213
697 1214
697 1216
697 1220
698 777
698 835
698 847
699 1228
699 1317
700 1247
700 1259
700 1272
700 1316
700 1497
701 734
701 1075
701 1128
701 1163
702 779
702 1090
702 1117
702 1140
702 1197
702 1351
702 1518
703 719
705 706
705 1215
705 1312
706 707
706 1215
708 729
710 1100
710 1130
710 1283
710 1342
710 1832
711 902
711 1058
711 1513
712 811
712 840
714 800
714 1184
714 1362
714 1366
715 732
715 821
715 1003
715 1166
715 1168
715 1392
716 738
716 779
716 1197
718 719
718 748
718 758
718 759
718 760
719 720
719 739
719 760
719 761
720 721
720 739
721 722
721 739
721 740
721 741
722 723
722 741
723 724
723 741
723 742
723 763
723 764
724 725
724 742
724 750
724 765
725 726
725 750
725 751
725 1323
726 751
726 1312
726 1323
727 728
728 729
728 743
728 756
729 730
729 756
729 757
730 757
730 766
730 776
730 940
731 778
731 782
731 784
732 925
732 1166
732 1168
732 1182
732 1198
732 1368
733 1362
734 1163
735 1255
736 950
736 1061
736 1195
737 1226
737 1238
738 779
738 802
738 1518
739 740
739 761
740 741
740 761
740 762
740 763
741 763
742 764
742 765
743 755
743 756
744 1053
744 1211
746 994
746 1338
747 797
747 1322
748 758
749 1165
749 1224
749 1244
749 1459
750 751
750 765
750 771
751 752
751 771
752 753
752 771
752 772
753 754
753 793
754 755
754 793
754 794
755 756
755 773
756 757
756 773
756 774
756 775
757 766
757 775
758 759
758 1040
758 1181
758 1751
759 760
759 786
759 787
759 797
759 1181
760 761
760 787
761 762
761 787
761 788
762 763
762 788
762 789
762 790
763 764
763 790
764 765
764 790
764 791
764 792
765 792
766 775
766 776
767 900
767 1026
767 1063
767 1145
767 1345
768 776
768 795
768 811
768 832
768 869
768 893
769 1207
770 787
770 788
770 789
771 772
773 774
774 775
775 776
776 795
776 893
777 835
777 847
777 885
777 896
778 782
778 1136
778 1341
778 1348
778 1532
778 1541
779 1197
779 1518
780 829
780 868
780 1007
781 1105
781 1155
781 1389
781 1400
782 1341
783 785
783 1339
785 884
785 1339
785 1559
785 1570
786 787
786 797
786 895
787 788
787 816
787 895
787 956
788 789
788 956
789 790
790 791
793 794
795 832
796 1022
796 1036
796 1097
796 1127
796 1251
797 843
797 895
797 1181
798 846
798 901
798 978
798 1066
798 1555
798 1882
798 1887
799 802
799 844
799 1121
799 1557
800 1362
801 1273
801 1334
802 844
802 1518
802 1554
802 1557
803 804
803 814
803 1116
804 814
804 1116
804 1871
804 1877
804 1881
805 1300
805 1332
805 1349
806 834
806 848
806 918
806 955
806 994
806 1590
807 832
808 834
808 842
808 994
808 1007
808 1009
808 1010
808 1352
809 1082
809 1340
810 818
810 836
810 1856
810 1857
811 832
811 869
811 875
812 831
812 1411
813 1142
813 1873
813 1879
814 815
814 1871
814 1880
814 1881
815 1866
815 1867
815 1880
816 843
816 849
816 870
816 895
816 956
817 833
817 864
817 899
817 919
817 921
818 836
818 837
818 1857
819 826
819 853
819 898
820 829
820 879
821 1166
821 1198
821 1885
822 914
822 917
822 924
822 997
822 998
823 846
823 861
823 901
823 920
823 976
823 978
824 1845
824 1855
824 1856
824 1867
825 1179
825 1181
826 849
826 898
826 899
827 1863
827 1869
827 1875
827 1879
828 1196
828 1200
828 1466
829 842
829 867
829 868
829 879
830 839
830 841
830 855
830 1016
830 1804
830 1805
830 1821
830 1822
831 851
831 857
833 845
833 876
833 919
833 921
833 937
833 981
834 842
834 848
834 874
834 936
834 955
834 994
834 1009
834 1590
835 847
835 878
835 884
835 888
835 896
835 918
836 837
836 838
836 880
836 889
837 838
838 839
838 889
838 890
838 891
839 841
839 891
839 892
840 914
840 924
840 1000
840 1001
841 855
841 892
842 848
842 867
842 874
842 879
842 1007
842 1352
843 860
843 870
843 895
845 856
845 877
845 981
846 861
846 862
846 886
846 901
846 941
846 978
846 1066
847 848
847 879
847 918
847 954
848 874
848 879
848 918
849 870
849 881
849 923
849 956
850 870
851 857
851 1258
851 1558
852 861
852 862
854 952
854 1190
854 1191
854 1192
854 1208
855 892
856 877
856 923
857 1557
857 1558
858 865
858 871
858 1809
859 1109
859 1464
859 1473
859 1474
860 870
861 862
862 886
863 898
864 877
864 899
864 921
864 923
865 866
865 871
865 872
865 873
865 1786
865 1787
865 1792
865 1809
866 873
866 882
866 894
866 1032
866 1041
866 1055
866 1792
870 881
870 923
871 872
871 873
872 873
873 882
873 894
873 904
876 919
877 921
877 923
877 981
878 884
878 918
878 1008
878 1590
880 889
880 903
880 909
880 910
882 894
883 1073
883 1129
883 1180
883 1389
883 1424
883 1465
884 888
884 1339
884 1559
884 1570
884 1883
885 896
886 922
886 939
886 941
887 888
887 896
887 922
887 939
888 896
889 890
889 891
889 910
889 911
890 891
891 892
891 905
891 911
892 905
892 912
894 904
894 906
894 1055
894 1067
894 1101
896 922
897 1119
897 1183
897 1297
897 1398
897 1399
900 976
900 978
900 1345
900 1882
901 978
903 909
904 906
904 916
905 911
905 912
905 931
906 916
906 935
906 1101
907 987
907 995
907 1144
907 1439
907 1574
907 1868
908 959
908 1213
908 1214
908 1216
909 910
909 928
910 911
910 928
910 929
910 930
911 912
911 930
911 931
912 913
912 931
912 932
912 933
913 926
913 933
914 924
915 992
915 1030
915 1115
915 1296
916 934
916 935
918 955
921 981
922 939
924 998
924 999
924 1000
925 1047
925 1182
925 1368
926 933
926 948
927 1003
927 1884
927 1886
928 929
928 938
928 942
928 943
929 930
929 938
929 943
929 944
929 945
930 931
930 945
930 946
931 932
931 946
932 933
932 946
933 946
933 947
933 948
934 935
934 949
935 949
935 1101
935 1131
935 1159
936 1009
938 943
941 1066
942 943
942 964
942 965
943 944
943 945
943 965
943 966
944 945
944 966
945 946
945 957
945 966
946 947
946 957
946 967
946 968
947 948
947 968
947 969
948 969
948 970
949 1159
949 1256
950 960
950 1052
951 1222
952 1192
952 1208
957 966
957 967
958 986
958 1011
958 1150
958 1217
958 1218
958 1265
959 1216
960 1144
960 1872
960 1878
961 1005
961 1031
961 1064
961 1419
962 1100
962 1109
962 1149
962 1278
962 1311
963 1083
963 1091
963 1105
963 1129
963 1139
963 1180
963 1418
963 1440
964 965
965 966
966 967
966 977
966 982
967 968
967 977
967 984
967 985
968 969
968 985
969 970
969 985
969 988
969 989
970 971
970 989
970 990
971 973
971 990
971 991
972 1108
972 1140
972 1413
973 980
973 991
974 1240
975 1002
975 1093
975 1404
976 978
977 982
977 983
977 984
978 1882
979 1074
979 1177
979 1404
979 1412
979 1419
979 1502
980 991
980 1188
980 1205
980 1237
980 1256
982 983
982 996
983 984
983 996
983 997
984 985
984 997
984 998
984 999
985 988
985 999
987 1439
987 1441
987 1446
988 989
988 999
988 1000
988 1001
989 990
989 1001
990 991
990 1001
991 1205
992 1322
993 1122
993 1219
993 1493
993 1494
994 1338
994 1352
994 1590
995 1574
996 997
997 998
998 999
999 1000
1000 1001
1002 1073
1002 1093
1002 1294
1003 1053
1003 1392
1003 1886
1004 1209
1005 1088
1005 1287
1005 1384
1005 1419
1005 1476
1007 1010
1007 1352
1008 1590
1008 1883
1011 1054
1011 1150
1011 1490
1012 1013
1012 1019
1012 1027
1012 1037
1012 1698
1012 1714
1012 1722
1012 1723
1012 1724
1013 1014
1013 1015
1013 1027
1013 1028
1013 1698
1014 1015
1014 1020
1014 1028
1015 1020
1015 1021
1015 1547
1015 1550
1015 1689
1015 1698
1015 1705
1016 1821
1016 1836
1017 1018
1017 1023
1017 1024
1017 1741
1017 1757
1017 1758
1018 1024
1018 1025
1018 1035
1018 1560
1018 1571
1018 1741
1019 1027
1019 1037
1020 1021
1020 1028
1020 1029
1021 1029
1021 1050
1021 1527
1021 1550
1021 1562
1022 1127
1022 1251
1022 1297
1022 1399
1022 1400
1023 1024
1023 1032
1023 1033
1023 1034
1023 1035
1023 1758
1023 1764
1024 1035
1025 1560
1025 1561
1025 1569
1025 1571
1027 1028
1027 1037
1027 1044
1027 1049
1027 1056
1028 1029
1028 1050
1028 1056
1028 1057
1029 1050
1030 1115
1030 1179
1031 1064
1031 1273
1032 1033
1032 1041
1032 1764
1032 1787
1032 1792
1033 1034
1033 1041
1033 1042
1033 1067
1033 1068
1033 1069
1033 1076
1034 1035
1034 1042
1035 1042
1035 1048
1035 1571
1036 1058
1036 1097
1036 1127
1036 1409
1037 1044
1037 1072
1037 1560
1037 1561
1037 1724
1037 1725
1039 1075
1040 1310
1041 1055
1041 1067
1042 1048
1042 1069
1042 1070
1043 1108
1043 1287
1043 1384
1044 1049
1044 1056
1044 1072
1044 1077
1044 1078
1044 1085
1045 1114
1045 1475
1045 1501
1045 1505
1045 1523
1047 1164
1047 1198
1047 1230
1047 1368
1048 1070
1048 1071
1048 1571
1048 1583
1048 1585
1050 1056
1050 1057
1050 1079
1050 1095
1050 1113
1050 1562
1050 1586
1051 1084
1051 1178
1051 1369
1051 1509
1052 1130
1052 1167
1053 1168
1053 1392
1055 1067
1056 1057
1056 1078
1056 1079
1056 1094
1058 1127
1058 1513
1058 1521
1059 1098
1059 1134
1059 1148
1059 1160
1059 1161
1059 1225
1059 1484
1060 1070
1060 1071
1060 1076
1060 1103
1060 1134
1060 1148
1060 1524
1062 1065
1063 1145
1063 1532
1064 1197
1064 1273
1065 1164
1065 1230
1065 1885
1066 1887
1067 1068
1067 1101
1067 1102
1068 1076
1068 1102
1068 1103
1069 1070
1069 1076
1070 1071
1070 1076
1071 1524
1071 1583
1071 1591
1072 1077
1072 1561
1072 1569
1072 1571
1072 1583
1073 1093
1073 1203
1073 1294
1073 1388
1073 1424
1073 1465
1074 1177
1074 1501
1074 1502
1074 1511
1076 1103
1077 1085
1077 1094
1077 1106
1077 1111
1077 1583
1078 1079
1078 1085
1078 1094
1078 1095
1079 1095
1080 1081
1080 1156
1080 1506
1080 1512
1081 1087
1081 1088
1081 1096
1081 1396
1081 1506
1081 1512
1083 1091
1084 1354
1084 1363
1084 1369
1084 1509
1084 1690
1085 1094
1087 1088
1087 1096
1087 1104
1087 1120
1087 1287
1088 1287
1088 1396
1088 1419
1088 1476
1089 1359
1089 1508
1089 1533
1089 1553
1089 1566
1089 1567
1090 1117
1090 1140
1090 1344
1090 1411
1090 1413
1091 1139
1091 1239
1091 1243
1091 1456
1092 1279
1092 1361
1092 1556
1092 1770
1092 1771
1093 1404
1093 1506
1094 1095
1094 1106
1094 1112
1094 1118
1095 1113
1095 1118
1095 1586
1096 1104
1096 1512
1097 1409
1097 1507
1098 1141
1098 1148
1098 1169
1098 1185
1098 1188
1098 1189
1098 1225
1098 1232
1099 1177
1099 1196
1099 1360
1099 1466
1099 1511
1100 1130
1100 1143
1100 1149
1100 1277
1100 1278
1100 1283
1100 1832
1101 1102
1101 1131
1101 1132
1102 1103
1102 1132
1102 1133
1102 1134
1103 1134
1104 1120
1104 1520
1104 1536
1105 1389
1105 1418
1105 1507
1106 1111
1106 1112
1106 1137
1107 1364
1107 1503
1107 1528
1107 1641
1108 1140
1108 1351
1108 1384
1109 1311
1109 1430
1109 1474
1109 1482
1109 1483
1109 1574
1110 1178
1110 1382
1110 1438
1110 1500
1110 1509
1110 1510
1110 1516
1110 1568
1111 1125
1111 1137
1111 1147
1111 1583
1112 1118
1112 1126
1112 1137
1112 1138
1113 1118
1113 1562
1113 1572
1113 1586
1114 1343
1114 1475
1114 1505
1114 1529
1115 1179
1116 1875
1116 1876
1116 1877
1117 1344
1117 1518
1117 1554
1118 1126
1118 1138
1118 1151
1118 1152
1118 1522
1118 1586
1119 1183
1119 1200
1119 1297
1119 1325
1119 1460
1119 1504
1119 1519
1120 1520
1122 1219
1122 1494
1122 1495
1124 1165
1125 1141
1125 1146
1125 1147
1125 1524
1125 1583
1125 1591
1126 1138
1127 1251
1127 1470
1127 1521
1128 1365
1129 1180
1129 1389
1129 1418
1129 1440
1130 1143
1130 1167
1130 1195
1130 1342
1130 1832
1131 1132
1131 1133
1131 1159
1132 1133
1133 1134
1133 1159
1133 1160
1134 1148
1134 1160
1134 1161
1134 1484
1136 1145
1136 1341
1136 1345
1136 1532
1136 1541
1137 1138
1137 1147
1137 1151
1137 1162
1137 1171
1138 1151
1139 1180
1139 1456
1140 1351
1140 1413
1141 1146
1141 1148
1141 1169
1141 1524
1142 1660
1142 1873
1142 1874
1143 1167
1144 1858
1144 1868
1144 1872
1145 1345
1145 1532
1146 1147
1146 1169
1146 1170
1146 1173
1147 1162
1147 1173
1147 1174
1148 1484
1148 1524
1150 1218
1150 1490
1151 1152
1151 1171
1151 1175
1152 1175
1152 1176
1152 1522
1152 1531
1152 1621
1153 1208
1153 1364
1153 1521
1155 1294
1155 1389
1155 1465
1156 1203
1156 1543
1156 1544
1157 1875
1158 1183
1158 1398
1158 1470
1158 1503
1159 1160
1159 1237
1159 1256
1160 1161
1160 1225
1160 1237
1162 1171
1162 1174
1164 1230
1166 1198
1168 1392
1169 1170
1169 1173
1169 1189
1170 1173
1171 1174
1171 1175
1171 1191
1171 1192
1171 1193
1172 1187
1173 1174
1173 1189
1173 1190
1173 1191
1174 1191
1175 1176
1175 1193
1175 1194
1176 1194
1176 1621
1177 1511
1178 1369
1178 1382
1178 1509
1179 1181
1179 1751
1180 1440
1180 1456
1181 1751
1182 1368
1183 1325
1183 1398
1183 1503
1183 1672
1183 1682
1184 1291
1184 1296
1184 1309
1185 1188
1185 1189
1185 1206
1185 1207
1186 1324
1186 1327
1186 1353
1188 1205
1188 1206
1188 1232
1188 1237
1189 1190
1189 1207
1190 1191
1191 1192
1192 1193
1192 1208
1193 1194
1193 1208
1193 1364
1194 1364
1194 1528
1194 1621
1195 1342
1196 1466
1196 1511
1198 1230
1198 1368
1198 1885
1199 1338
1200 1325
1200 1460
1200 1466
1200 1504
1203 1388
1203 1544
1203 1545
1204 1234
1204 1248
1204 1249
1205 1206
1206 1207
1208 1364
1210 1356
1210 1369
1210 1375
1210 1382
1210 1383
1210 1387
1210 1397
1212 1213
1213 1214
1214 1216
1217 1218
1217 1224
1220 1221
1220 1234
1220 1235
1220 1241
1223 1227
1223 1229
1224 1244
1224 1447
1225 1231
1225 1232
1225 1237
1226 1227
1226 1238
1227 1229
1227 1238
1227 1242
1228 1340
1229 1233
1229 1242
1229 1245
1229 1252
1230 1885
1231 1232
1231 1237
1232 1237
1233 1239
1233 1252
1234 1235
1234 1249
1235 1241
1235 1249
1235 1254
1235 1255
1237 1256
1238 1242
1238 1260
1239 1243
1239 1246
1239 1252
1239 1257
1241 1250
1241 1255
1242 1245
1242 1252
1242 1260
1242 1261
1243 1246
1243 1456
1244 1447
1245 1252
1246 1253
1246 1456
1246 1540
1247 1272
1247 1310
1248 1249
1248 1264
1249 1254
1249 1255
1250 1255
1251 1398
1251 1399
1251 1470
1252 1257
1253 1262
1253 1539
1253 1540
1258 1558
1259 1272
1259 1303
1259 1311
1259 1316
1259 1482
1260 1261
1262 1539
1263 1293
1266 1267
1266 1276
1266 1289
1266 1788
1266 1793
1266 1810
1266 1823
1267 1268
1267 1280
1267 1289
1267 1290
1267 1823
1267 1837
1268 1269
1268 1270
1268 1280
1268 1837
1269 1270
1269 1280
1269 1281
1269 1290
1269 1299
1269 1371
1269 1380
1269 1381
1270 1271
1270 1281
1270 1837
1270 1859
1271 1859
1271 1874
1272 1285
1272 1303
1272 1310
1273 1334
1273 1475
1273 1502
1274 1275
1274 1276
1274 1770
1274 1771
1274 1793
1275 1276
1275 1279
1275 1288
1275 1289
1275 1305
1275 1306
1275 1770
1276 1288
1276 1289
1276 1793
1277 1278
1277 1283
1277 1298
1278 1298
1278 1303
1278 1311
1279 1304
1279 1305
1279 1361
1279 1770
1280 1290
1281 1295
1281 1299
1284 1291
1284 1309
1285 1303
1285 1310
1286 1313
1287 1384
1288 1289
1289 1290
1289 1306
1289 1307
1289 1308
1290 1308
1290 1371
1290 1374
1290 1379
1291 1309
1292 1301
1294 1465
1295 1299
1295 1318
1296 1309
1297 1399
1297 1400
1298 1303
1299 1318
1299 1381
1300 1332
1300 1349
1303 1311
1304 1305
1304 1361
1304 1370
1304 1378
1305 1306
1305 1378
1306 1307
1306 1314
1306 1319
1306 1378
1306 1394
1307 1308
1307 1314
1308 1314
1308 1315
1308 1379
1311 1482
1311 1483
1312 1323
1313 1320
1314 1315
1314 1319
1315 1319
1315 1324
1315 1327
1315 1379
1316 1474
1316 1482
1316 1497
1318 1328
1318 1380
1318 1381
1319 1353
1319 1394
1319 1417
1324 1327
1325 1504
1325 1664
1325 1665
1325 1682
1326 1331
1327 1328
1327 1379
1328 1329
1328 1379
1328 1380
1328 1395
1329 1330
1331 1335
1332 1617
1333 1337
1335 1336
1336 1337
1336 1346
1336 1347
1337 1347
1338 1352
1339 1590
1339 1883
1343 1505
1343 1529
1343 1669
1343 1670
1343 1681
1344 1554
1345 1882
1346 1347
1348 1532
1348 1542
1348 1546
1350 1411
1350 1413
1353 1417
1353 1862
1354 1355
1354 1356
1354 1363
1354 1690
1355 1356
1355 1357
1355 1358
1355 1690
1356 1358
1356 1363
1356 1369
1356 1375
1356 1376
1357 1358
1357 1499
1357 1530
1357 1690
1357 1707
1357 1718
1358 1373
1358 1376
1358 1377
1358 1499
1358 1530
1359 1533
1359 1549
1359 1553
1359 1684
1359 1686
1360 1466
1360 1519
1361 1367
1361 1370
1361 1498
1361 1556
1362 1366
1363 1369
1364 1528
1367 1370
1367 1498
1367 1526
1369 1382
1369 1383
1370 1378
1370 1385
1370 1391
1370 1514
1370 1526
1371 1374
1371 1380
1373 1377
1373 1390
1373 1453
1373 1514
1373 1530
1374 1379
1374 1380
1375 1376
1375 1387
1376 1377
1376 1387
1377 1387
1377 1390
1377 1403
1377 1405
1377 1589
1378 1391
1378 1394
1379 1380
1379 1395
1380 1381
1380 1395
1382 1383
1382 1397
1382 1407
1382 1500
1385 1390
1385 1391
1385 1394
1385 1405
1385 1406
1385 1453
1385 1514
1386 1447
1387 1397
1387 1401
1387 1402
1387 1403
1388 1424
1389 1418
1389 1465
1390 1405
1390 1514
1391 1394
1394 1406
1394 1415
1394 1416
1394 1417
1396 1404
1396 1412
1396 1419
1396 1506
1397 1401
1397 1407
1397 1408
1398 1399
1398 1470
1401 1402
1401 1407
1401 1408
1401 1422
1401 1423
1401 1588
1401 1602
1402 1403
1402 1588
1403 1588
1403 1589
1403 1602
1403 1603
1404 1412
1404 1506
1405 1406
1405 1414
1405 1589
1406 1414
1406 1415
1407 1408
1407 1410
1407 1421
1407 1422
1407 1500
1410 1420
1410 1421
1410 1500
1410 1568
1410 1582
1410 1587
1411 1413
1412 1419
1414 1415
1414 1589
1414 1604
1414 1613
1415 1416
1415 1613
1415 1616
1415 1619
1416 1417
1416 1427
1416 1616
1416 1847
1416 1858
1417 1858
1417 1862
1419 1476
1420 1421
1420 1425
1420 1587
1420 1597
1421 1422
1421 1425
1421 1434
1422 1423
1422 1426
1422 1434
1422 1435
1423 1426
1423 1436
1423 1437
1423 1602
1423 1612
1423 1614
1425 1432
1425 1433
1425 1434
1425 1597
1426 1435
1426 1436
1427 1428
1427 1429
1427 1444
1427 1454
1427 1616
1427 1620
1427 1638
1427 1846
1427 1847
1428 1429
1428 1444
1428 1445
1429 1439
1429 1441
1429 1442
1429 1445
1429 1846
1429 1847
1429 1858
1429 1868
1430 1574
1432 1433
1432 1596
1432 1597
1432 1611
1432 1618
1432 1631
1432 1632
1433 1434
1433 1448
1433 1597
1433 1632
1434 1435
1434 1443
1434 1448
1434 1449
1435 1436
1435 1443
1436 1437
1436 1443
1436 1450
1436 1451
1437 1451
1437 1452
1437 1614
1437 1634
1438 1508
1438 1510
1438 1516
1438 1533
1438 1685
1438 1686
1439 1441
1439 1442
1439 1868
1441 1442
1441 1445
1441 1446
1441 1455
1441 1458
1441 1463
1443 1449
1443 1450
1444 1445
1444 1454
1445 1454
1445 1457
1445 1461
1445 1462
1445 1463
1446 1455
1446 1458
1446 1464
1448 1449
1448 1450
1448 1467
1448 1471
1448 1632
1448 1639
1449 1450
1450 1451
1450 1467
1450 1468
1450 1471
1451 1452
1451 1468
1451 1469
1451 1634
1451 1652
1452 1634
1452 1652
1453 1498
1453 1514
1453 1517
1453 1526
1453 1530
1454 1457
1454 1472
1454 1638
1454 1640
1454 1659
1455 1458
1456 1540
1456 1545
1457 1461
1457 1659
1458 1463
1458 1464
1458 1480
1458 1481
1460 1466
1460 1519
1461 1462
1461 1463
1461 1472
1461 1477
1461 1478
1461 1479
1461 1659
1461 1671
1462 1463
1463 1479
1463 1480
1464 1473
1464 1481
1466 1519
1467 1471
1467 1488
1467 1639
1467 1651
1468 1469
1468 1471
1468 1485
1468 1489
1469 1485
1469 1486
1469 1652
1471 1488
1471 1489
1472 1477
1472 1640
1472 1658
1472 1659
1472 1671
1472 1678
1472 1679
1473 1474
1473 1481
1473 1487
1473 1495
1473 1496
1473 1497
1474 1482
1474 1497
1475 1501
1475 1502
1475 1515
1475 1523
1477 1478
1477 1679
1478 1479
1478 1491
1478 1492
1479 1480
1479 1492
1480 1481
1480 1487
1480 1492
1480 1493
1480 1494
1481 1487
1482 1483
1485 1486
1485 1489
1485 1673
1485 1683
1486 1652
1486 1673
1486 1683
1487 1494
1487 1495
1488 1489
1488 1651
1488 1670
1488 1681
1491 1492
1492 1493
1493 1494
1494 1495
1495 1496
1496 1497
1498 1517
1498 1526
1498 1556
1499 1530
1500 1568
1501 1502
1501 1511
1501 1515
1501 1523
1502 1515
1503 1641
1503 1642
1503 1672
1505 1668
1505 1669
1508 1516
1508 1533
1508 1567
1509 1510
1509 1687
1509 1690
1509 1691
1510 1685
1510 1687
1514 1526
1515 1523
1516 1567
1516 1568
1517 1530
1517 1556
1517 1742
1517 1747
1518 1554
1520 1534
1520 1536
1522 1531
1522 1584
1522 1586
1522 1598
1524 1591
1525 1648
1525 1667
1525 1668
1527 1547
1527 1550
1527 1551
1527 1562
1527 1563
1528 1621
1528 1641
1529 1681
1530 1718
1530 1742
1531 1598
1531 1607
1531 1621
1531 1622
1532 1535
1532 1541
1532 1542
1533 1686
1535 1542
1536 1537
1536 1538
1536 1543
1537 1538
1538 1539
1538 1543
1539 1540
1539 1543
1539 1544
1540 1544
1540 1545
1543 1544
1544 1545
1547 1548
1547 1550
1547 1551
1547 1688
1547 1689
1548 1549
1548 1551
1548 1552
1548 1688
1549 1552
1549 1553
1549 1684
1549 1688
1549 1692
1551 1552
1551 1563
1551 1564
1552 1553
1552 1564
1552 1565
1553 1565
1553 1566
1554 1557
1556 1747
1556 1765
1556 1771
1557 1558
1559 1570
1559 1883
1560 1561
1560 1724
1560 1725
1560 1732
1560 1741
1561 1569
1561 1571
1561 1732
1562 1563
1562 1572
1563 1564
1563 1572
1563 1573
1564 1565
1564 1573
1564 1575
1564 1576
1565 1566
1565 1576
1565 1577
1565 1578
1566 1567
1566 1578
1566 1579
1567 1568
1567 1579
1567 1580
1567 1581
1567 1582
1568 1582
1569 1571
1571 1583
1571 1585
1572 1573
1572 1584
1572 1586
1573 1575
1573 1584
1575 1576
1575 1584
1575 1592
1575 1593
1575 1598
1575 1599
1576 1577
1576 1578
1576 1593
1577 1578
1578 1579
1578 1593
1578 1594
1578 1601
1579 1580
1579 1594
1579 1595
1579 1596
1580 1581
1580 1587
1580 1596
1580 1597
1581 1582
1581 1587
1582 1587
1583 1585
1583 1591
1584 1586
1584 1598
1587 1597
1588 1602
1589 1603
1589 1604
1590 1883
1592 1593
1592 1599
1592 1600
1592 1601
1593 1601
1594 1595
1594 1601
1594 1609
1594 1610
1595 1596
1595 1605
1595 1610
1596 1597
1596 1605
1596 1611
1598 1599
1598 1607
1599 1600
1599 1607
1599 1608
1600 1601
1600 1608
1601 1608
1601 1609
1602 1603
1602 1612
1603 1604
1603 1606
1603 1612
1603 1614
1604 1606
1604 1613
1604 1615
1605 1610
1605 1611
1605 1627
1605 1628
1605 1629
1606 1614
1606 1615
1607 1608
1607 1622
1607 1623
1607 1624
1608 1609
1608 1624
1608 1625
1609 1610
1609 1625
1609 1626
1609 1627
1610 1627
1611 1618
1611 1629
1611 1630
1611 1631
1612 1614
1613 1615
1613 1619
1613 1636
1613 1637
1614 1615
1614 1634
1615 1634
1615 1635
1615 1636
1616 1619
1616 1620
1618 1631
1619 1620
1619 1633
1619 1637
1620 1633
1620 1638
1621 1622
1621 1641
1622 1623
1622 1641
1622 1642
1623 1624
1623 1642
1623 1643
1624 1625
1624 1643
1624 1644
1625 1626
1625 1644
1626 1627
1626 1644
1626 1645
1627 1628
1627 1629
1627 1645
1627 1646
1627 1647
1628 1629
1629 1630
1629 1647
1629 1648
1630 1631
1630 1648
1630 1649
1630 1650
1631 1632
1631 1639
1631 1650
1631 1651
1632 1639
1633 1637
1633 1638
1633 1640
1634 1635
1634 1652
1634 1653
1635 1636
1635 1653
1635 1654
1635 1655
1636 1637
1636 1655
1636 1656
1637 1640
1637 1656
1637 1657
1637 1658
1638 1640
1639 1651
1640 1658
1641 1642
1642 1643
1642 1663
1642 1672
1643 1644
1643 1663
1644 1645
1644 1663
1644 1664
1644 1665
1645 1646
1645 1665
1646 1647
1646 1665
1646 1666
1647 1648
1647 1666
1647 1667
1648 1649
1648 1667
1648 1668
1649 1650
1649 1668
1650 1651
1650 1668
1650 1669
1650 1670
1651 1670
1652 1653
1652 1654
1652 1673
1653 1654
1654 1655
1654 1661
1654 1673
1654 1674
1655 1656
1655 1661
1656 1657
1656 1661
1657 1658
1657 1661
1657 1662
1658 1662
1658 1677
1658 1678
1660 1874
1661 1662
1661 1674
1661 1675
1661 1676
1662 1676
1662 1677
1663 1664
1663 1672
1664 1665
1664 1672
1664 1682
1665 1666
1665 1667
1666 1667
1667 1680
1668 1669
1669 1670
1670 1681
1672 1682
1673 1674
1673 1683
1674 1675
1675 1676
1676 1677
1677 1678
1677 1679
1678 1679
1684 1686
1684 1692
1684 1693
1684 1694
1684 1695
1685 1686
1685 1687
1685 1700
1685 1701
1685 1702
1686 1693
1686 1702
1687 1691
1687 1699
1687 1700
1688 1689
1688 1692
1688 1696
1688 1697
1689 1697
1689 1704
1689 1705
1690 1691
1690 1707
1690 1708
1691 1699
1691 1708
1692 1695
1692 1696
1693 1694
1693 1702
1693 1703
1694 1695
1694 1703
1695 1696
1695 1703
1695 1712
1695 1716
1695 1717
1696 1697
1696 1710
1696 1712
1697 1704
1697 1710
1698 1705
1698 1713
1698 1714
1699 1700
1699 1708
1699 1709
1700 1701
1700 1702
1700 1709
1701 1702
1702 1703
1702 1709
1702 1720
1702 1728
1703 1716
1703 1720
1704 1705
1704 1706
1704 1710
1705 1706
1705 1713
1706 1710
1706 1713
1706 1721
1707 1708
1707 1711
1707 1715
1707 1718
1707 1719
1707 1726
1708 1709
1708 1711
1708 1715
1708 1726
1708 1727
1709 1727
1709 1728
1710 1712
1710 1721
1710 1729
1711 1715
1712 1717
1712 1729
1712 1733
1713 1714
1713 1721
1713 1730
1713 1731
1713 1734
1714 1722
1714 1731
1715 1726
1716 1717
1716 1720
1716 1733
1716 1736
1716 1737
1717 1733
1718 1719
1718 1735
1718 1742
1718 1743
1719 1726
1719 1727
1719 1735
1720 1728
1720 1736
1720 1745
1721 1729
1721 1730
1721 1738
1721 1746
1722 1723
1722 1731
1723 1724
1723 1739
1724 1725
1724 1732
1724 1739
1724 1740
1724 1741
1726 1727
1726 1744
1727 1728
1727 1744
1728 1744
1728 1745
1729 1733
1729 1746
1729 1748
1730 1734
1730 1738
1731 1734
1731 1750
1732 1741
1733 1737
1733 1748
1733 1754
1734 1738
1734 1746
1734 1749
1734 1750
1734 1755
1735 1743
1735 1752
1736 1737
1736 1745
1736 1753
1736 1761
1737 1753
1737 1754
1738 1746
1739 1740
1739 1756
1739 1763
1740 1741
1740 1756
1741 1756
1741 1757
1742 1743
1742 1747
1742 1759
1742 1760
1742 1765
1743 1752
1743 1760
1744 1745
1744 1761
1744 1767
1745 1761
1746 1748
1746 1755
1746 1768
1747 1765
1748 1754
1748 1768
1748 1775
1749 1750
1749 1755
1749 1762
1749 1769
1749 1776
1752 1760
1752 1766
1752 1772
1752 1782
1753 1754
1753 1761
1753 1774
1753 1783
1754 1774
1754 1775
1755 1762
1755 1768
1755 1784
1755 1789
1756 1757
1756 1763
1756 1778
1757 1758
1757 1778
1757 1779
1757 1780
1758 1764
1758 1780
1758 1786
1759 1760
1759 1765
1759 1781
1760 1781
1760 1782
1761 1767
1761 1783
1762 1776
1762 1784
1763 1778
1763 1785
1764 1786
1764 1787
1765 1771
1765 1781
1765 1788
1765 1793
1766 1772
1766 1773
1768 1775
1768 1789
1768 1795
1769 1776
1769 1777
1769 1784
1769 1790
1770 1771
1771 1793
1772 1773
1772 1782
1772 1794
1772 1797
1773 1794
1774 1775
1774 1783
1774 1798
1774 1799
1775 1795
1775 1799
1776 1784
1777 1790
1777 1791
1778 1779
1778 1780
1778 1785
1778 1803
1778 1804
1779 1780
1780 1786
1780 1804
1780 1805
1781 1782
1781 1788
1781 1806
1783 1798
1784 1789
1784 1790
1784 1800
1785 1796
1785 1802
1785 1803
1786 1787
1786 1805
1786 1809
1787 1792
1788 1793
1788 1806
1788 1810
1789 1795
1789 1800
1789 1812
1789 1813
1790 1791
1790 1800
1790 1807
1790 1814
1791 1796
1791 1801
1791 1808
1791 1814
1794 1797
1794 1798
1794 1811
1795 1799
1795 1812
1795 1816
1796 1801
1796 1802
1798 1799
1798 1811
1798 1815
1799 1815
1799 1816
1800 1807
1800 1813
1800 1814
1800 1818
1801 1802
1801 1808
1801 1820
1802 1803
1802 1804
1802 1820
1802 1821
1802 1822
1803 1804
1804 1805
1804 1822
1805 1809
1806 1810
1806 1817
1806 1823
1807 1814
1808 1814
1808 1819
1808 1820
1808 1825
1810 1823
1811 1815
1811 1827
1811 1828
1811 1829
1812 1813
1812 1816
1812 1824
1812 1830
1812 1831
1813 1818
1813 1824
1814 1818
1814 1819
1814 1834
1814 1842
1815 1816
1815 1829
1816 1829
1816 1830
1817 1823
1817 1837
1817 1838
1818 1824
1818 1842
1819 1825
1819 1834
1820 1821
1820 1825
1820 1826
1820 1835
1820 1843
1821 1822
1821 1835
1821 1836
1823 1837
1824 1831
1824 1841
1824 1842
1825 1826
1825 1834
1826 1843
1827 1828
1827 1833
1828 1829
1828 1833
1828 1840
1828 1849
1828 1850
1829 1830
1829 1840
1829 1851
1829 1852
1829 1854
1830 1831
1830 1844
1830 1852
1831 1841
1831 1844
1833 1839
1833 1848
1833 1849
1834 1842
1835 1836
1835 1843
1835 1856
1835 1857
1837 1838
1837 1859
1838 1839
1838 1848
1838 1853
1838 1859
1839 1848
1840 1850
1840 1854
1841 1842
1841 1844
1841 1860
1841 1861
1842 1861
1843 1845
1843 1856
1844 1852
1844 1860
1844 1865
1845 1855
1845 1856
1846 1847
1847 1858
1848 1849
1848 1853
1848 1869
1848 1873
1849 1850
1849 1863
1849 1869
1850 1854
1850 1863
1850 1864
1851 1852
1851 1854
1851 1870
1852 1865
1852 1870
1853 1859
1853 1873
1855 1866
1855 1867
1856 1857
1858 1862
1858 1868
1858 1872
1859 1873
1859 1874
1860 1861
1860 1865
1862 1872
1863 1864
1863 1869
1863 1875
1864 1875
1864 1876
1865 1870
1866 1867
1866 1871
1866 1880
1869 1873
1869 1879
1871 1877
1871 1880
1871 1881
1872 1878
1873 1874
1873 1879
1875 1876
1876 1877
1884 1886
