0 1
0 4
0 35
0 97
0 161
0 169
0 190
1 35
1 190
1 196
1 228
1 248
1 249
2 20
2 30
2 39
2 62
2 110
3 14
3 24
3 61
3 69
3 82
3 90
4 61
4 90
4 161
4 169
4 383
5 8
5 36
5 41
5 47
5 51
5 55
5 123
5 145
5 255
5 274
6 8
6 15
6 40
6 41
6 55
6 123
6 334
7 31
7 89
7 98
7 234
7 244
7 254
8 27
8 47
8 55
8 236
8 334
9 49
9 71
9 72
9 155
9 211
9 225
10 15
10 16
10 40
10 48
10 289
10 329
11 29
11 32
11 37
11 43
11 63
11 66
11 74
11 108
11 128
11 201
11 258
11 275
12 23
12 30
12 99
12 203
12 328
13 23
13 81
13 99
13 110
13 243
13 247
14 24
14 27
14 34
14 82
14 236
15 16
15 40
15 219
15 334
16 48
16 79
16 100
16 219
17 28
17 38
17 59
17 77
17 91
17 138
17 242
18 59
18 96
18 103
18 131
18 140
18 227
18 229
18 243
19 20
19 42
19 45
19 62
19 160
19 162
20 30
20 62
20 77
20 91
20 95
20 162
21 34
21 36
21 50
21 78
21 152
22 35
22 39
22 42
22 58
22 66
22 109
22 196
22 228
23 30
23 81
23 99
23 110
24 34
24 50
24 69
24 89
25 35
25 109
25 119
25 143
25 153
26 54
26 70
26 102
26 163
26 188
26 371
26 372
27 34
27 36
27 47
27 152
27 236
28 38
28 54
28 86
28 131
28 138
28 159
28 292
29 32
29 63
29 108
29 128
29 146
30 91
30 95
30 110
30 203
31 85
31 89
31 134
31 148
31 177
31 234
32 108
32 128
32 146
32 158
32 207
32 250
32 258
32 293
33 63
33 108
33 182
33 251
34 50
34 152
35 94
35 109
35 153
35 161
35 228
36 47
36 73
36 78
36 152
36 255
37 63
37 66
37 74
37 240
38 77
38 86
38 104
38 197
38 218
39 42
39 62
39 109
39 110
39 156
40 41
40 288
40 289
41 123
41 274
41 288
42 45
42 58
42 62
42 156
43 52
43 201
43 258
43 275
44 166
44 210
44 212
44 283
44 290
44 364
44 449
45 58
45 71
45 72
45 137
45 160
45 184
46 59
46 99
46 151
46 229
46 242
46 328
48 79
48 100
48 120
48 222
48 241
48 329
49 65
49 71
49 155
49 224
49 335
50 78
50 85
50 89
50 177
51 73
51 145
51 230
51 235
51 238
51 274
51 286
52 108
52 201
52 207
52 251
52 258
53 76
53 107
53 144
53 189
53 224
53 282
53 333
53 335
54 70
54 86
54 131
54 159
54 163
54 188
54 292
55 123
56 57
56 106
56 125
56 126
56 129
56 136
56 260
56 442
56 450
57 83
57 126
57 130
57 260
57 267
58 66
58 137
58 208
58 240
59 131
59 138
59 229
59 242
60 109
60 110
60 119
60 154
61 69
61 89
61 90
61 94
61 161
61 164
62 156
63 74
63 108
63 111
63 182
63 208
63 240
64 67
64 132
64 149
64 223
64 259
64 340
65 71
65 72
65 87
65 155
65 170
65 184
65 189
65 335
66 111
66 196
66 201
66 240
66 256
66 269
67 118
67 132
67 133
67 150
67 259
67 261
67 451
68 114
68 191
68 234
68 337
69 89
70 96
70 131
70 159
70 188
70 371
71 72
71 184
72 87
72 137
72 170
72 197
72 204
72 211
72 249
73 78
73 80
73 145
73 238
73 255
75 86
75 185
75 192
75 193
75 197
75 204
75 262
75 361
76 93
76 107
76 144
76 165
76 224
76 226
76 312
76 332
76 333
77 91
77 162
77 218
78 80
78 85
79 100
79 186
79 222
79 241
79 272
79 281
79 303
79 320
79 336
79 377
80 84
80 85
80 115
80 134
80 179
80 238
80 245
81 110
82 90
82 236
82 389
83 121
83 260
83 263
83 267
83 270
83 296
83 447
84 179
84 217
84 230
84 235
84 238
85 134
85 177
86 163
86 193
86 197
87 104
87 160
87 184
87 197
87 218
88 186
88 200
88 209
88 239
88 268
88 382
89 98
89 164
89 177
90 383
90 388
90 389
91 95
91 203
91 242
91 328
92 169
92 231
92 239
92 315
92 388
92 389
93 107
93 282
93 332
93 333
94 98
94 153
94 161
94 164
96 103
96 131
96 265
96 371
97 169
97 171
97 190
97 206
97 291
98 143
98 153
98 164
98 244
98 253
98 254
99 151
99 229
99 247
99 328
100 117
100 186
100 219
100 241
100 285
100 303
100 334
101 102
101 163
101 194
101 262
101 375
102 163
102 262
102 372
102 375
103 147
103 227
103 265
103 284
104 197
104 218
105 106
105 118
105 133
105 135
105 323
105 451
106 125
106 135
106 257
106 323
106 450
106 452
107 165
107 282
107 312
108 146
108 251
108 258
109 110
109 119
110 154
110 247
111 182
111 201
111 208
111 256
111 269
112 180
112 183
112 195
112 212
112 214
112 220
112 221
112 348
113 122
113 124
113 194
113 198
113 213
113 374
113 407
114 115
114 148
114 215
114 234
114 337
115 134
115 148
115 179
115 215
115 216
115 217
116 141
116 142
116 178
116 187
116 205
116 279
116 280
116 288
117 236
117 285
117 334
118 133
118 451
119 143
119 154
119 243
119 244
119 252
120 222
120 264
120 281
120 319
120 326
120 329
121 127
121 141
121 263
121 296
121 301
121 425
121 433
122 124
122 198
122 237
124 237
124 305
124 373
124 374
124 406
125 135
125 136
125 442
125 444
125 445
126 129
126 130
127 141
127 142
127 178
127 266
127 301
129 130
129 136
129 174
129 175
130 175
130 176
130 267
130 273
130 276
131 138
131 140
131 159
132 149
132 150
132 340
132 344
133 135
133 150
133 180
133 181
134 148
135 136
135 174
135 181
135 347
136 174
137 208
137 248
137 249
137 256
139 144
139 155
139 170
139 172
139 224
139 225
139 226
141 142
141 263
141 270
141 279
142 178
143 153
143 244
143 253
144 155
144 165
144 189
144 224
144 226
144 330
145 255
147 220
147 227
147 284
148 234
149 150
149 157
149 173
149 183
149 212
149 283
149 344
150 157
150 180
151 229
154 243
154 247
154 252
155 170
155 172
155 189
155 224
155 225
155 330
157 180
157 183
158 167
158 207
158 250
159 292
160 162
160 184
160 218
162 218
163 193
163 262
165 312
166 210
166 265
166 290
166 371
167 207
167 250
167 293
168 173
168 343
168 344
168 346
168 354
168 359
168 363
168 449
169 291
169 315
169 383
169 388
170 172
170 211
170 225
171 185
171 190
171 206
172 330
173 283
173 344
173 449
174 175
174 191
174 215
174 347
175 176
175 215
175 216
175 217
176 217
176 276
178 187
178 266
178 271
178 280
179 217
179 245
180 181
180 183
180 191
180 195
180 214
181 191
181 347
182 201
182 251
183 195
183 212
185 190
185 204
185 206
185 249
185 361
186 209
186 268
186 272
186 285
186 303
186 324
186 336
187 280
189 224
189 335
190 249
191 214
191 215
191 233
191 234
191 337
191 347
192 194
192 198
192 262
192 361
193 262
194 198
194 213
194 262
194 375
196 228
196 248
196 256
197 204
198 206
198 237
198 361
199 200
199 202
199 209
199 305
199 349
199 378
199 385
199 404
199 405
200 202
200 209
200 239
200 315
201 251
201 269
202 237
202 291
202 305
202 315
202 380
203 328
204 249
205 280
205 288
205 289
206 237
206 291
206 361
207 258
207 293
208 240
208 256
209 272
209 377
209 382
209 404
210 212
210 265
210 284
211 225
212 220
212 283
212 284
212 348
213 375
213 400
213 402
213 407
214 221
214 232
214 233
215 216
215 337
216 217
217 230
217 276
219 334
220 221
220 227
220 232
220 284
220 348
221 232
222 264
222 281
223 259
223 339
223 340
223 341
224 226
224 335
227 232
227 243
229 243
229 247
230 235
230 276
230 277
230 286
231 239
231 268
231 285
231 370
231 389
232 233
232 243
232 244
232 246
233 234
233 244
234 244
235 238
236 285
236 334
236 370
236 389
237 291
237 305
239 268
239 315
242 328
243 246
243 247
243 252
244 246
244 252
244 253
244 254
246 252
248 249
248 256
250 293
257 323
257 452
258 275
258 293
259 261
259 341
259 446
259 448
260 296
260 440
260 447
260 450
261 443
261 446
261 451
263 270
264 281
265 284
265 371
266 271
266 301
266 302
267 270
267 273
267 276
267 277
267 278
268 285
268 324
270 278
270 279
271 280
271 302
271 310
272 336
272 377
273 276
274 286
274 287
274 288
276 277
277 278
277 286
278 279
278 286
278 287
279 287
279 288
280 289
280 308
280 310
280 319
280 329
281 320
281 325
281 326
281 377
282 333
283 449
285 324
285 370
286 287
287 288
288 289
289 329
290 364
290 369
290 371
290 372
291 315
294 295
294 298
294 299
294 304
294 391
294 413
294 418
294 420
295 299
295 386
295 390
295 413
296 425
296 429
296 431
296 440
296 441
296 447
297 300
297 301
297 302
297 391
297 425
298 299
298 304
298 307
299 307
299 314
299 322
299 384
299 386
299 393
300 302
300 304
300 309
300 311
300 391
301 302
301 425
301 433
302 309
302 310
304 307
304 311
304 313
304 314
304 391
305 349
305 378
305 380
305 406
306 316
306 321
306 350
306 353
306 368
306 409
306 410
307 314
308 309
308 310
308 319
308 327
309 310
309 311
309 327
311 313
311 325
311 326
311 327
313 314
313 325
314 322
314 325
314 384
316 331
316 350
316 353
317 351
317 368
317 379
317 386
317 392
317 394
317 395
318 342
318 343
318 352
318 354
318 381
318 426
319 326
319 327
319 329
320 377
321 331
321 353
321 356
321 357
321 360
321 368
321 379
322 384
322 393
323 451
323 452
325 326
325 377
325 384
325 387
326 327
331 350
331 353
331 354
331 355
331 356
331 357
331 358
331 376
331 381
332 333
338 339
338 342
338 343
338 344
338 345
338 426
338 438
338 448
339 340
339 341
339 344
339 448
340 344
341 448
342 343
342 426
343 345
343 346
343 352
344 345
344 346
345 346
346 352
346 354
349 373
349 378
349 385
349 401
349 406
350 355
350 356
350 376
350 381
350 410
350 417
351 368
351 386
351 390
351 409
351 411
351 412
352 354
354 355
354 359
354 381
355 356
355 358
355 359
355 410
355 417
355 419
356 357
356 358
356 396
356 410
356 412
356 419
357 360
357 366
357 367
357 396
357 400
358 359
358 396
358 399
358 400
359 363
359 399
360 362
360 365
360 366
360 379
362 365
362 366
362 379
362 395
362 397
363 364
363 369
363 372
363 375
363 399
363 403
363 449
364 369
364 449
365 366
365 373
365 397
365 401
365 406
366 367
366 373
367 373
367 374
367 400
367 407
368 379
368 409
369 372
370 389
371 372
372 375
372 408
373 374
373 406
373 407
374 407
375 402
375 403
375 408
376 381
377 387
377 404
379 395
381 417
381 423
381 426
383 388
384 387
384 392
384 393
384 394
385 397
385 401
385 405
386 390
386 392
386 393
386 411
386 413
386 414
387 394
387 398
387 404
388 389
390 411
390 413
391 418
391 425
392 393
392 394
394 395
394 398
395 397
395 398
396 400
397 398
397 401
397 404
397 405
398 404
399 400
399 402
399 403
400 402
400 407
401 406
402 403
404 405
409 410
409 412
410 412
411 412
411 414
411 415
411 416
412 416
412 419
413 414
413 420
413 421
414 415
414 421
414 422
415 416
415 422
415 424
416 419
416 424
416 427
417 419
417 423
418 420
418 425
418 429
419 427
420 421
420 422
420 428
420 431
420 432
421 422
422 424
422 428
422 434
422 436
423 426
423 430
423 435
424 427
424 436
424 437
425 429
425 433
426 438
427 437
428 432
428 434
429 431
430 435
431 432
431 434
431 439
431 440
431 441
432 434
434 436
434 439
434 441
434 442
435 437
435 443
435 444
435 446
436 437
436 442
436 444
436 445
437 444
438 448
439 441
440 441
441 442
442 445
443 444
443 446
443 451
444 445
446 448
450 452
451 452
