1 2
1 5
1 36
1 98
1 162
1 170
1 191
2 36
2 191
2 197
2 229
2 249
2 250
3 21
3 31
3 40
3 63
3 111
4 15
4 25
4 62
4 70
4 83
4 91
5 62
5 91
5 162
5 170
5 384
6 9
6 37
6 42
6 48
6 52
6 56
6 124
6 146
6 256
6 275
7 9
7 16
7 41
7 42
7 56
7 124
7 335
8 32
8 90
8 99
8 235
8 245
8 255
9 28
9 48
9 56
9 237
9 335
10 50
10 72
10 73
10 156
10 212
10 226
11 16
11 17
11 41
11 49
11 290
11 330
12 30
12 33
12 38
12 44
12 64
12 67
12 75
12 109
12 129
12 202
12 259
12 276
13 24
13 31
13 100
13 204
13 329
14 24
14 82
14 100
14 111
14 244
14 248
15 25
15 28
15 35
15 83
15 237
16 17
16 41
16 220
16 335
17 49
17 80
17 101
17 220
18 29
18 39
18 60
18 78
18 92
18 139
18 243
19 60
19 97
19 104
19 132
19 141
19 228
19 230
19 244
20 21
20 43
20 46
20 63
20 161
20 163
21 31
21 63
21 78
21 92
21 96
21 163
22 35
22 37
22 51
22 79
22 153
23 36
23 40
23 43
23 59
23 67
23 110
23 197
23 229
24 31
24 82
24 100
24 111
25 35
25 51
25 70
25 90
26 36
26 110
26 120
26 144
26 154
27 55
27 71
27 103
27 164
27 189
27 372
27 373
28 35
28 37
28 48
28 153
28 237
29 39
29 55
29 87
29 132
29 139
29 160
29 293
30 33
30 64
30 109
30 129
30 147
31 92
31 96
31 111
31 204
32 86
32 90
32 135
32 149
32 178
32 235
33 109
33 129
33 147
33 159
33 208
33 251
33 259
33 294
34 64
34 109
34 183
34 252
35 51
35 153
36 95
36 110
36 154
36 162
36 229
37 48
37 74
37 79
37 153
37 256
38 64
38 67
38 75
38 241
39 78
39 87
39 105
39 198
39 219
40 43
40 63
40 110
40 111
40 157
41 42
41 289
41 290
42 124
42 275
42 289
43 46
43 59
43 63
43 157
44 53
44 202
44 259
44 276
45 167
45 211
45 213
45 284
45 291
45 365
45 450
46 59
46 72
46 73
46 138
46 161
46 185
47 60
47 100
47 152
47 230
47 243
47 329
49 80
49 101
49 121
49 223
49 242
49 330
50 66
50 72
50 156
50 225
50 336
51 79
51 86
51 90
51 178
52 74
52 146
52 231
52 236
52 239
52 275
52 287
53 109
53 202
53 208
53 252
53 259
54 77
54 108
54 145
54 190
54 225
54 283
54 334
54 336
55 71
55 87
55 132
55 160
55 164
55 189
55 293
56 124
57 58
57 107
57 126
57 127
57 130
57 137
57 261
57 443
57 451
58 84
58 127
58 131
58 261
58 268
59 67
59 138
59 209
59 241
60 132
60 139
60 230
60 243
61 110
61 111
61 120
61 155
62 70
62 90
62 91
62 95
62 162
62 165
63 157
64 75
64 109
64 112
64 183
64 209
64 241
65 68
65 133
65 150
65 224
65 260
65 341
66 72
66 73
66 88
66 156
66 171
66 185
66 190
66 336
67 112
67 197
67 202
67 241
67 257
67 270
68 119
68 133
68 134
68 151
68 260
68 262
68 452
69 115
69 192
69 235
69 338
70 90
71 97
71 132
71 160
71 189
71 372
72 73
72 185
73 88
73 138
73 171
73 198
73 205
73 212
73 250
74 79
74 81
74 146
74 239
74 256
76 87
76 186
76 193
76 194
76 198
76 205
76 263
76 362
77 94
77 108
77 145
77 166
77 225
77 227
77 313
77 333
77 334
78 92
78 163
78 219
79 81
79 86
80 101
80 187
80 223
80 242
80 273
80 282
80 304
80 321
80 337
80 378
81 85
81 86
81 116
81 135
81 180
81 239
81 246
82 111
83 91
83 237
83 390
84 122
84 261
84 264
84 268
84 271
84 297
84 448
85 180
85 218
85 231
85 236
85 239
86 135
86 178
87 164
87 194
87 198
88 105
88 161
88 185
88 198
88 219
89 187
89 201
89 210
89 240
89 269
89 383
90 99
90 165
90 178
91 384
91 389
91 390
92 96
92 204
92 243
92 329
93 170
93 232
93 240
93 316
93 389
93 390
94 108
94 283
94 333
94 334
95 99
95 154
95 162
95 165
97 104
97 132
97 266
97 372
98 170
98 172
98 191
98 207
98 292
99 144
99 154
99 165
99 245
99 254
99 255
100 152
100 230
100 248
100 329
101 118
101 187
101 220
101 242
101 286
101 304
101 335
102 103
102 164
102 195
102 263
102 376
103 164
103 263
103 373
103 376
104 148
104 228
104 266
104 285
105 198
105 219
106 107
106 119
106 134
106 136
106 324
106 452
107 126
107 136
107 258
107 324
107 451
107 453
108 166
108 283
108 313
109 147
109 252
109 259
110 111
110 120
111 155
111 248
112 183
112 202
112 209
112 257
112 270
113 181
113 184
113 196
113 213
113 215
113 221
113 222
113 349
114 123
114 125
114 195
114 199
114 214
114 375
114 408
115 116
115 149
115 216
115 235
115 338
116 135
116 149
116 180
116 216
116 217
116 218
117 142
117 143
117 179
117 188
117 206
117 280
117 281
117 289
118 237
118 286
118 335
119 134
119 452
120 144
120 155
120 244
120 245
120 253
121 223
121 265
121 282
121 320
121 327
121 330
122 128
122 142
122 264
122 297
122 302
122 426
122 434
123 125
123 199
123 238
125 238
125 306
125 374
125 375
125 407
126 136
126 137
126 443
126 445
126 446
127 130
127 131
128 142
128 143
128 179
128 267
128 302
130 131
130 137
130 175
130 176
131 176
131 177
131 268
131 274
131 277
132 139
132 141
132 160
133 150
133 151
133 341
133 345
134 136
134 151
134 181
134 182
135 149
136 137
136 175
136 182
136 348
137 175
138 209
138 249
138 250
138 257
140 145
140 156
140 171
140 173
140 225
140 226
140 227
142 143
142 264
142 271
142 280
143 179
144 154
144 245
144 254
145 156
145 166
145 190
145 225
145 227
145 331
146 256
148 221
148 228
148 285
149 235
150 151
150 158
150 174
150 184
150 213
150 284
150 345
151 158
151 181
152 230
155 244
155 248
155 253
156 171
156 173
156 190
156 225
156 226
156 331
158 181
158 184
159 168
159 208
159 251
160 293
161 163
161 185
161 219
163 219
164 194
164 263
166 313
167 211
167 266
167 291
167 372
168 208
168 251
168 294
169 174
169 344
169 345
169 347
169 355
169 360
169 364
169 450
170 292
170 316
170 384
170 389
171 173
171 212
171 226
172 186
172 191
172 207
173 331
174 284
174 345
174 450
175 176
175 192
175 216
175 348
176 177
176 216
176 217
176 218
177 218
177 277
179 188
179 267
179 272
179 281
180 218
180 246
181 182
181 184
181 192
181 196
181 215
182 192
182 348
183 202
183 252
184 196
184 213
186 191
186 205
186 207
186 250
186 362
187 210
187 269
187 273
187 286
187 304
187 325
187 337
188 281
190 225
190 336
191 250
192 215
192 216
192 234
192 235
192 338
192 348
193 195
193 199
193 263
193 362
194 263
195 199
195 214
195 263
195 376
197 229
197 249
197 257
198 205
199 207
199 238
199 362
200 201
200 203
200 210
200 306
200 350
200 379
200 386
200 405
200 406
201 203
201 210
201 240
201 316
202 252
202 270
203 238
203 292
203 306
203 316
203 381
204 329
205 250
206 281
206 289
206 290
207 238
207 292
207 362
208 259
208 294
209 241
209 257
210 273
210 378
210 383
210 405
211 213
211 266
211 285
212 226
213 221
213 284
213 285
213 349
214 376
214 401
214 403
214 408
215 222
215 233
215 234
216 217
216 338
217 218
218 231
218 277
220 335
221 222
221 228
221 233
221 285
221 349
222 233
223 265
223 282
224 260
224 340
224 341
224 342
225 227
225 336
228 233
228 244
230 244
230 248
231 236
231 277
231 278
231 287
232 240
232 269
232 286
232 371
232 390
233 234
233 244
233 245
233 247
234 235
234 245
235 245
236 239
237 286
237 335
237 371
237 390
238 292
238 306
240 269
240 316
243 329
244 247
244 248
244 253
245 247
245 253
245 254
245 255
247 253
249 250
249 257
251 294
258 324
258 453
259 276
259 294
260 262
260 342
260 447
260 449
261 297
261 441
261 448
261 451
262 444
262 447
262 452
264 271
265 282
266 285
266 372
267 272
267 302
267 303
268 271
268 274
268 277
268 278
268 279
269 286
269 325
271 279
271 280
272 281
272 303
272 311
273 337
273 378
274 277
275 287
275 288
275 289
277 278
278 279
278 287
279 280
279 287
279 288
280 288
280 289
281 290
281 309
281 311
281 320
281 330
282 321
282 326
282 327
282 378
283 334
284 450
286 325
286 371
287 288
288 289
289 290
290 330
291 365
291 370
291 372
291 373
292 316
295 296
295 299
295 300
295 305
295 392
295 414
295 419
295 421
296 300
296 387
296 391
296 414
297 426
297 430
297 432
297 441
297 442
297 448
298 301
298 302
298 303
298 392
298 426
299 300
299 305
299 308
300 308
300 315
300 323
300 385
300 387
300 394
301 303
301 305
301 310
301 312
301 392
302 303
302 426
302 434
303 310
303 311
305 308
305 312
305 314
305 315
305 392
306 350
306 379
306 381
306 407
307 317
307 322
307 351
307 354
307 369
307 410
307 411
308 315
309 310
309 311
309 320
309 328
310 311
310 312
310 328
312 314
312 326
312 327
312 328
314 315
314 326
315 323
315 326
315 385
317 332
317 351
317 354
318 352
318 369
318 380
318 387
318 393
318 395
318 396
319 343
319 344
319 353
319 355
319 382
319 427
320 327
320 328
320 330
321 378
322 332
322 354
322 357
322 358
322 361
322 369
322 380
323 385
323 394
324 452
324 453
326 327
326 378
326 385
326 388
327 328
332 351
332 354
332 355
332 356
332 357
332 358
332 359
332 377
332 382
333 334
339 340
339 343
339 344
339 345
339 346
339 427
339 439
339 449
340 341
340 342
340 345
340 449
341 345
342 449
343 344
343 427
344 346
344 347
344 353
345 346
345 347
346 347
347 353
347 355
350 374
350 379
350 386
350 402
350 407
351 356
351 357
351 377
351 382
351 411
351 418
352 369
352 387
352 391
352 410
352 412
352 413
353 355
355 356
355 360
355 382
356 357
356 359
356 360
356 411
356 418
356 420
357 358
357 359
357 397
357 411
357 413
357 420
358 361
358 367
358 368
358 397
358 401
359 360
359 397
359 400
359 401
360 364
360 400
361 363
361 366
361 367
361 380
363 366
363 367
363 380
363 396
363 398
364 365
364 370
364 373
364 376
364 400
364 404
364 450
365 370
365 450
366 367
366 374
366 398
366 402
366 407
367 368
367 374
368 374
368 375
368 401
368 408
369 380
369 410
370 373
371 390
372 373
373 376
373 409
374 375
374 407
374 408
375 408
376 403
376 404
376 409
377 382
378 388
378 405
380 396
382 418
382 424
382 427
384 389
385 388
385 393
385 394
385 395
386 398
386 402
386 406
387 391
387 393
387 394
387 412
387 414
387 415
388 395
388 399
388 405
389 390
391 412
391 414
392 419
392 426
393 394
393 395
395 396
395 399
396 398
396 399
397 401
398 399
398 402
398 405
398 406
399 405
400 401
400 403
400 404
401 403
401 408
402 407
403 404
405 406
410 411
410 413
411 413
412 413
412 415
412 416
412 417
413 417
413 420
414 415
414 421
414 422
415 416
415 422
415 423
416 417
416 423
416 425
417 420
417 425
417 428
418 420
418 424
419 421
419 426
419 430
420 428
421 422
421 423
421 429
421 432
421 433
422 423
423 425
423 429
423 435
423 437
424 427
424 431
424 436
425 428
425 437
425 438
426 430
426 434
427 439
428 438
429 433
429 435
430 432
431 436
432 433
432 435
432 440
432 441
432 442
433 435
435 437
435 440
435 442
435 443
436 438
436 444
436 445
436 447
437 438
437 443
437 445
437 446
438 445
439 449
440 442
441 442
442 443
443 446
444 445
444 447
444 452
445 446
447 449
451 453
452 453
