0 25
0 40
0 160
0 212
0 470
0 716
1 212
1 453
1 470
1 716
1 766
1 1025
1 1062
1 1531
1 1534
2 54
2 87
2 94
2 95
2 130
2 213
2 364
3 28
3 90
3 145
3 146
3 310
3 365
4 5
4 80
4 91
4 132
4 216
4 348
4 387
4 505
5 40
5 43
5 216
5 348
5 703
6 62
6 71
6 117
6 135
6 172
6 248
6 332
6 650
6 810
6 874
7 71
7 103
7 736
7 1237
7 1259
8 37
8 164
8 165
8 376
8 631
8 749
8 764
8 791
9 62
9 172
9 343
9 452
9 591
9 677
10 58
10 114
10 186
10 287
10 555
10 594
11 71
11 103
11 118
11 139
11 248
12 50
12 177
12 203
12 271
12 275
12 397
12 478
13 35
13 82
13 97
13 122
13 776
13 846
13 953
14 27
14 220
14 330
14 446
14 1283
15 57
15 120
15 131
15 167
15 175
15 842
15 859
15 869
16 133
16 144
16 319
16 396
16 419
16 668
17 50
17 83
17 103
17 128
17 140
17 736
18 33
18 63
18 127
18 173
18 176
18 901
19 153
19 488
19 666
19 748
19 1200
19 1243
19 1361
20 556
20 595
20 598
20 603
20 609
20 680
21 61
21 92
21 149
21 413
21 479
21 651
22 158
22 388
22 443
22 642
22 1319
23 24
23 211
23 262
23 445
23 485
24 41
24 44
24 249
24 323
24 404
24 438
24 445
24 485
25 40
25 43
25 160
25 390
26 197
26 379
26 490
26 604
26 712
26 919
26 973
27 57
27 131
27 220
27 257
27 359
27 446
28 93
28 145
28 262
28 365
28 447
29 147
29 324
29 325
29 460
29 619
29 818
29 852
30 179
30 258
30 351
30 403
30 1490
30 1491
31 77
31 163
31 308
31 319
31 343
31 374
31 452
31 591
32 34
32 47
32 288
32 322
32 1123
33 63
33 83
33 104
33 128
33 173
33 315
33 478
34 75
34 288
34 322
34 398
34 495
34 952
34 1005
34 1037
35 82
35 86
35 953
36 55
36 73
36 209
36 213
36 330
36 359
36 446
36 1285
37 119
37 165
37 166
37 425
37 749
37 770
38 459
38 552
38 779
38 841
38 867
38 1006
38 1198
38 1337
38 1351
39 199
39 375
39 450
39 782
39 784
39 1045
40 43
40 279
40 703
40 716
41 249
41 323
42 147
42 150
42 279
42 281
42 436
42 453
42 619
42 716
42 1025
43 216
43 389
43 390
44 45
44 163
44 323
44 438
45 96
45 163
45 438
46 68
46 74
46 106
46 122
46 776
46 884
47 110
47 183
47 322
47 493
47 1123
47 1371
48 197
48 256
48 294
48 402
48 672
48 875
49 139
49 140
49 274
49 275
50 128
50 140
50 275
50 478
51 89
51 118
51 139
51 274
51 839
51 1000
52 61
52 81
52 149
52 171
52 180
52 535
53 411
53 568
53 877
53 1007
53 1882
54 55
54 87
54 130
54 844
55 73
55 87
55 209
55 844
55 855
56 549
56 906
56 949
56 959
56 994
56 1051
56 1143
56 1166
56 1573
57 131
57 175
57 220
58 64
58 102
58 108
58 186
58 329
58 594
58 1263
59 92
59 181
59 230
59 276
59 346
59 454
60 84
60 236
60 528
60 914
60 1029
61 149
61 171
61 363
61 479
62 117
62 172
62 486
62 591
62 650
62 806
63 104
63 433
63 584
63 710
63 901
63 1512
64 101
64 102
64 108
64 116
65 93
65 211
65 295
65 327
65 380
65 447
66 305
66 695
66 729
66 821
66 916
66 939
66 995
66 996
67 320
67 807
67 833
67 877
67 935
67 1008
67 1589
68 74
68 97
68 105
68 106
68 467
68 1316
69 350
69 457
69 1219
69 1240
69 1249
70 75
70 161
70 398
70 492
70 636
71 103
71 135
71 248
71 1259
72 305
72 331
72 767
72 810
72 821
72 913
73 87
73 213
74 97
74 122
75 161
75 398
75 495
75 516
75 620
75 1005
76 85
76 274
76 397
76 512
76 989
76 990
76 1204
77 163
77 308
77 323
77 529
78 79
78 192
78 193
78 814
78 823
78 1866
79 168
79 193
79 218
79 823
80 132
80 216
80 373
80 544
80 1519
80 1533
81 162
81 169
81 180
81 379
81 535
81 919
82 86
82 97
82 375
82 391
82 605
83 128
83 173
83 572
83 736
84 236
84 528
84 713
84 732
84 1361
84 1365
85 177
85 397
85 1204
86 260
86 306
86 391
86 664
86 846
86 878
86 953
87 213
88 825
88 848
88 863
88 898
88 922
89 274
89 512
89 1000
90 91
90 146
90 310
90 544
91 132
91 196
91 310
91 387
91 505
91 544
92 149
92 181
92 346
92 651
93 111
93 327
93 365
93 447
94 95
94 130
94 134
94 256
94 334
94 345
95 232
95 233
95 345
95 364
96 163
96 195
96 438
96 449
96 486
96 522
96 806
96 831
97 98
97 122
97 375
97 467
97 540
98 467
99 100
99 151
99 215
99 585
99 812
99 1141
99 1281
99 1659
100 151
100 155
100 184
100 812
101 102
101 108
101 214
101 362
101 491
101 734
101 1235
102 186
102 214
103 139
103 140
103 736
104 315
104 433
104 768
105 106
105 170
105 698
105 1316
106 162
106 170
106 851
106 861
106 884
106 885
106 895
106 921
107 155
107 184
107 185
107 237
107 826
107 1156
107 1291
107 1300
107 1862
107 1874
108 116
108 734
108 1247
108 1248
108 1263
109 225
109 635
109 659
109 689
109 1262
109 1311
110 183
110 570
110 748
110 1123
110 1164
110 1223
111 148
111 196
111 310
111 327
111 365
111 504
112 199
112 375
112 605
113 159
113 342
113 344
113 468
113 636
113 1494
113 1495
113 1496
114 186
114 214
114 224
114 230
114 263
114 276
114 287
115 444
115 525
115 548
115 730
115 781
115 1003
115 1208
116 734
116 1248
116 1254
117 332
117 806
117 831
118 139
118 248
118 711
118 810
118 839
119 138
119 425
119 427
119 751
119 770
119 771
120 167
120 746
120 796
120 842
121 126
121 195
121 458
121 522
121 773
121 774
121 775
122 776
123 481
123 513
123 531
123 783
123 811
123 830
123 1349
123 1410
124 210
124 290
124 350
124 378
124 457
124 590
124 670
124 696
124 1392
125 231
125 443
125 488
125 489
125 1385
126 129
126 405
126 458
126 773
127 176
127 710
127 795
127 901
127 1035
127 1057
127 1408
128 478
129 204
129 405
129 426
129 754
129 772
129 773
130 134
130 256
130 832
130 844
130 936
131 201
131 257
131 849
131 869
132 544
133 146
133 152
133 396
133 419
133 1261
134 256
135 172
135 1259
136 817
136 829
136 836
136 837
136 838
136 1015
136 1834
136 1835
136 1856
137 660
137 675
137 694
137 695
137 707
137 727
137 728
138 204
138 427
138 751
138 752
138 792
139 140
139 274
140 275
141 473
141 495
141 516
141 523
141 620
141 744
141 1331
141 1616
142 174
142 493
142 548
142 573
142 638
142 1003
142 1153
142 1348
143 221
143 499
143 519
143 1293
143 1359
144 145
144 249
144 262
144 308
144 319
144 396
145 146
145 262
145 396
146 152
146 396
146 544
147 157
147 279
147 324
147 619
148 165
148 241
148 327
148 371
148 377
148 401
148 504
149 180
149 181
149 336
150 294
150 436
150 619
150 852
150 973
150 1239
151 184
151 215
151 228
152 373
152 544
152 643
152 1261
153 273
153 298
153 489
153 799
153 1200
153 1361
154 1079
154 1095
154 1103
154 1155
154 1511
154 1535
154 1542
155 184
155 812
155 826
155 1878
156 198
156 542
156 700
156 1162
156 1211
156 1212
157 279
157 299
157 324
157 348
157 416
157 703
158 219
158 364
158 521
158 642
158 1285
158 1312
158 1319
159 342
159 429
159 699
159 1496
160 360
160 390
160 470
160 1171
161 456
161 620
161 636
161 1201
162 169
162 170
162 822
162 851
162 860
162 919
163 323
163 486
163 591
164 165
164 238
164 333
164 376
164 401
164 631
165 166
165 327
165 377
165 380
165 401
165 631
166 380
166 425
167 175
167 338
167 554
167 746
167 1321
168 194
168 218
168 809
168 823
168 1855
169 170
169 180
169 698
169 1227
170 698
171 345
171 347
171 363
171 402
171 535
171 712
172 650
172 677
172 1259
172 1260
173 176
173 293
173 448
173 572
174 493
174 638
174 1010
174 1053
175 220
175 338
176 293
176 366
176 448
176 901
176 1085
176 1096
176 1408
177 203
177 397
177 1204
177 1205
177 1206
178 179
178 222
178 223
178 798
178 1556
178 1557
179 222
179 351
179 1257
179 1490
179 1557
180 336
180 1227
181 263
181 276
181 336
181 808
182 307
182 400
182 607
183 493
183 570
183 1010
183 1053
183 1489
184 185
184 228
184 229
185 229
185 265
185 278
185 313
185 1291
185 1300
186 214
186 224
187 188
187 189
187 237
187 1115
187 1156
187 1301
187 1874
188 189
188 190
188 237
188 251
188 283
188 284
188 1301
189 190
189 802
189 1115
190 191
190 252
190 266
190 284
190 802
191 192
191 252
191 802
191 813
191 814
192 193
192 217
192 252
192 814
193 217
193 218
193 253
194 218
194 255
194 270
194 809
194 835
194 879
195 449
195 522
195 775
195 794
196 241
196 310
196 387
196 504
197 294
197 402
197 712
197 973
198 412
198 700
198 1038
198 1074
198 1211
198 1212
199 375
199 605
199 782
200 294
200 418
200 816
200 818
200 825
200 898
200 918
201 209
201 849
201 855
201 869
201 922
202 236
202 406
202 598
202 680
202 732
203 271
203 768
203 1206
204 426
204 427
204 753
204 754
204 792
204 793
205 206
205 243
205 467
205 517
205 540
205 541
205 547
205 1045
206 450
206 517
206 1045
207 451
207 480
207 484
207 520
207 560
207 561
208 430
208 515
208 715
208 800
208 1196
209 257
209 359
209 849
209 855
210 290
210 378
210 533
210 569
210 1127
210 1364
211 295
211 318
211 405
211 426
211 445
211 447
211 485
212 470
212 716
213 219
213 364
213 521
213 1285
214 224
214 230
214 282
214 362
215 228
215 264
215 585
215 1281
215 1294
216 389
216 1519
216 1533
217 252
217 253
217 267
217 286
218 253
218 254
218 255
219 521
219 1285
220 338
220 1283
220 1308
221 500
221 1001
221 1098
221 1293
221 1359
222 223
222 1476
222 1477
222 1490
222 1678
223 474
223 798
223 1120
223 1678
225 361
225 610
225 1262
225 1311
226 234
226 437
226 557
226 693
226 705
226 706
226 742
227 464
227 465
227 526
227 527
227 534
227 970
227 1255
228 229
228 264
228 277
228 311
229 277
229 312
229 313
230 276
230 282
230 454
231 247
231 388
231 443
231 489
231 606
231 630
231 1385
232 233
232 345
232 479
233 349
233 364
233 372
233 388
233 479
234 280
234 309
234 557
234 705
234 1214
235 293
235 652
235 676
235 1085
235 1222
236 680
236 732
236 1029
237 251
237 265
237 283
237 1156
237 1300
237 1301
237 1320
238 303
238 333
238 376
238 407
238 763
238 790
238 791
239 328
239 339
239 395
239 487
239 769
239 788
239 789
239 862
240 357
240 433
240 768
240 1188
240 1206
241 299
241 371
241 387
241 504
242 259
242 300
242 829
242 854
242 1804
242 1808
243 517
243 547
243 797
243 1554
243 1886
244 306
244 546
244 605
244 782
244 1198
244 1337
245 1106
245 1126
245 1152
245 1157
245 1363
245 1469
245 1502
245 1520
246 250
246 475
246 663
246 800
247 606
247 1216
247 1223
247 1385
247 1446
248 810
248 874
249 262
249 308
249 323
249 485
249 529
250 289
250 538
250 663
250 800
250 1272
250 1474
251 283
252 266
252 284
252 285
252 286
253 254
253 267
253 268
254 255
254 268
254 269
254 270
255 270
256 334
256 347
256 672
256 832
256 875
256 936
257 359
257 849
258 403
258 456
258 992
258 1491
258 1492
259 300
259 301
259 302
259 857
259 1808
260 261
260 306
260 574
260 664
261 384
261 574
261 664
262 447
262 485
263 276
263 287
263 444
263 808
263 1081
264 277
264 1294
264 1317
265 278
265 1300
265 1320
266 284
267 268
267 286
267 352
267 353
268 269
268 353
268 354
268 355
269 270
269 355
269 356
270 356
270 879
270 902
270 908
271 315
271 478
271 768
272 398
272 406
272 492
272 603
272 708
272 950
272 1122
272 1221
273 298
273 443
273 489
273 524
273 1312
273 1319
274 275
274 397
274 512
275 397
277 311
277 312
277 1317
278 313
278 314
278 369
278 370
278 1320
279 281
279 703
279 716
280 309
280 557
280 752
280 753
281 716
282 362
282 454
282 1235
283 284
283 314
283 1320
284 285
284 286
284 314
284 337
284 1325
284 1330
285 286
286 337
286 352
287 444
287 555
287 1883
288 618
288 1037
288 1123
289 538
289 1113
289 1474
290 457
290 542
290 696
290 907
290 958
290 1127
291 444
291 551
291 781
291 808
291 1081
291 1135
291 1340
291 1344
292 406
292 463
292 666
292 732
293 448
293 572
293 1085
293 1222
293 1225
293 1226
294 418
294 852
294 875
294 918
294 973
295 318
295 380
295 425
295 427
296 329
296 409
296 414
296 594
296 926
297 429
297 556
297 603
297 609
297 708
297 1246
298 524
298 713
298 799
298 1183
299 348
299 371
299 387
299 401
299 416
300 301
300 358
300 854
300 891
300 911
300 912
301 302
301 358
302 358
302 381
302 432
302 857
302 870
302 872
303 325
303 333
303 339
303 407
303 460
303 487
304 409
304 597
304 641
304 820
304 1064
304 1884
305 729
305 767
305 775
305 821
305 892
305 916
305 939
306 384
306 391
306 574
306 605
306 1198
307 385
307 400
307 607
307 681
307 747
308 319
308 529
309 704
309 725
309 750
309 751
309 752
309 1214
309 1311
309 1322
310 365
311 312
311 335
311 1317
311 1327
311 1328
311 1394
312 313
312 335
312 367
313 367
313 368
313 369
314 370
314 1320
314 1325
315 478
315 768
316 632
316 824
316 914
316 991
316 1114
316 1178
317 398
317 608
317 618
317 950
317 1037
317 1221
318 426
318 427
319 374
319 668
320 833
320 877
320 917
320 954
321 346
321 454
321 633
321 638
321 957
321 985
321 1153
321 1235
322 493
322 495
322 952
322 1299
322 1371
323 529
324 325
324 416
325 326
325 333
325 416
325 460
326 333
326 401
326 416
327 377
327 380
327 425
328 769
328 787
328 815
328 825
328 848
328 862
328 897
328 955
329 409
329 594
329 641
329 1247
329 1263
330 446
330 524
330 1285
331 711
331 810
331 839
331 913
332 810
332 831
333 376
333 401
334 345
334 347
335 367
335 1328
335 1329
336 808
336 1227
336 1339
337 352
337 1330
337 1332
337 1334
337 1335
337 1336
338 554
338 914
338 1295
338 1308
339 407
339 487
339 789
339 790
340 383
340 779
340 828
340 866
340 867
341 584
341 1057
341 1152
341 1520
342 344
342 429
342 708
343 452
343 591
344 492
344 636
344 708
345 347
345 363
345 479
346 417
346 454
346 651
346 957
346 1264
347 402
347 672
348 387
348 703
349 372
349 408
349 413
349 479
350 457
350 587
350 634
350 670
350 1249
350 1392
351 403
351 523
351 1257
352 353
352 420
352 1332
353 354
353 392
353 420
353 421
354 355
354 392
354 393
354 422
355 356
355 393
355 394
356 394
356 424
356 477
356 908
356 927
357 433
357 584
357 853
357 1188
357 1189
358 381
358 431
358 464
358 912
358 925
359 446
360 390
360 537
360 593
360 1042
360 1171
360 1186
361 610
361 644
361 1311
362 1235
363 479
364 388
364 521
364 642
366 652
366 962
366 1085
366 1096
366 1104
366 1506
367 368
367 439
367 1329
368 369
368 439
368 440
369 370
369 440
369 441
369 442
370 442
370 1325
370 1330
371 401
372 388
372 408
372 606
372 630
373 544
373 643
373 1519
373 1535
373 1536
374 452
374 668
374 1256
375 540
375 605
375 1045
376 791
378 533
378 590
378 596
378 1061
378 1430
379 535
379 712
379 919
380 425
381 431
381 432
381 465
381 870
382 575
382 906
382 986
382 1429
382 1445
382 1573
383 539
383 779
383 866
383 1006
383 1009
384 459
384 552
384 574
384 664
384 819
384 878
384 1198
385 400
385 673
385 681
385 1276
385 1282
385 1297
386 1185
386 1313
386 1314
386 1318
386 1323
386 1352
387 505
388 443
388 630
388 642
389 390
389 1119
389 1519
390 593
390 1119
391 605
392 421
392 422
393 394
393 422
394 422
394 423
394 424
395 487
395 818
395 862
395 897
398 492
398 1005
398 1037
398 1221
399 444
399 573
399 743
399 1002
399 1052
399 1208
399 1210
399 1883
399 1885
400 607
400 665
400 1284
400 1297
400 1302
400 1309
401 416
402 672
402 712
403 456
403 523
403 620
403 1134
404 405
404 438
404 445
404 458
404 522
405 426
405 445
405 458
406 463
406 598
406 603
406 608
406 732
406 950
406 1122
407 790
408 413
408 417
408 606
408 651
409 414
409 641
409 820
409 1884
410 461
410 537
410 617
410 971
410 1541
411 568
411 877
411 883
411 887
412 543
412 696
412 1038
412 1212
412 1219
412 1220
413 479
413 651
414 714
414 820
414 926
414 1002
415 428
415 434
415 435
415 959
415 1861
415 1871
415 1877
417 606
417 651
417 957
417 1216
417 1217
417 1264
418 818
418 852
419 668
419 1245
419 1252
419 1261
420 421
420 506
420 553
420 1332
420 1336
421 422
421 506
421 507
422 423
422 476
422 507
422 508
423 424
423 476
424 476
424 477
424 509
424 510
425 427
426 427
428 435
428 1185
428 1326
428 1327
429 699
429 708
429 1246
430 800
430 1063
430 1196
430 1272
430 1333
431 464
431 465
432 465
432 466
432 872
432 903
432 915
432 933
433 584
433 768
434 435
434 451
434 735
434 949
434 959
435 451
435 1327
435 1328
436 604
436 973
436 1025
436 1239
437 693
437 694
437 726
437 727
437 742
438 522
439 440
439 451
439 484
439 501
439 520
439 1329
440 441
440 501
440 502
441 442
441 502
442 502
442 503
442 1330
442 1334
442 1335
442 1345
443 489
443 1319
444 781
444 1081
444 1208
444 1883
446 524
446 1283
446 1285
446 1290
447 485
449 794
449 831
450 517
450 784
450 1045
450 1558
451 480
451 484
451 735
451 1060
451 1328
451 1329
452 677
452 1241
452 1251
452 1256
452 1260
453 716
453 1025
454 1235
455 469
455 634
455 667
455 731
455 1167
455 1181
456 620
456 636
456 992
456 1201
456 1218
457 696
457 958
457 1215
457 1219
457 1392
458 522
459 552
459 867
459 1198
460 487
460 818
461 513
461 586
461 971
461 1347
461 1412
461 1541
461 1545
462 780
462 795
462 1021
462 1096
462 1104
462 1399
462 1506
463 602
463 608
463 618
463 666
464 465
464 526
464 925
465 466
465 527
466 527
466 933
467 540
467 541
467 589
467 1316
468 636
468 1121
468 1494
469 634
469 667
469 734
469 1249
469 1254
470 617
470 1171
470 1534
470 1541
471 503
471 553
471 562
471 582
471 600
471 629
471 635
471 1292
471 1345
471 1346
472 498
472 856
472 1343
472 1553
472 1556
473 481
473 523
473 531
473 1331
474 482
474 798
474 843
474 1120
474 1676
474 1678
475 515
475 538
475 663
475 800
475 1484
475 1488
475 1682
476 508
476 509
476 566
477 510
477 927
477 941
480 560
480 576
480 577
480 735
480 1060
480 1194
480 1341
481 523
481 531
481 532
481 811
481 830
481 850
482 559
482 737
482 801
482 843
482 1674
482 1675
482 1676
483 515
483 559
483 715
483 1672
483 1673
483 1674
484 520
486 591
486 806
487 818
488 489
488 1200
488 1243
488 1385
488 1446
489 1200
490 588
490 604
490 766
490 822
490 899
490 919
490 975
491 633
491 667
491 734
491 743
491 1235
492 636
492 708
493 1053
493 1299
493 1348
493 1371
494 671
494 701
494 1063
494 1196
494 1350
495 516
495 952
495 1299
495 1331
495 1616
496 497
496 649
496 1044
496 1504
496 1524
496 1666
496 1667
496 1679
497 518
497 649
497 1679
498 811
498 830
498 856
498 1089
498 1343
498 1410
499 519
499 780
499 1154
499 1293
499 1296
499 1399
500 550
500 974
500 1001
500 1098
500 1176
501 502
501 520
501 561
501 580
501 581
501 582
502 503
502 582
503 582
503 1345
506 507
506 536
506 553
507 508
507 536
507 563
507 564
508 564
508 565
508 566
509 510
509 566
509 567
509 941
510 941
511 517
511 568
511 885
511 940
511 1065
511 1558
511 1882
512 989
512 1000
513 586
513 730
513 777
513 783
513 1347
513 1349
513 1545
514 960
514 978
514 1030
514 1272
514 1418
514 1501
515 715
515 800
515 1672
515 1682
516 620
517 1065
517 1558
517 1886
518 545
518 649
518 827
518 1664
518 1666
518 1679
519 1118
519 1296
519 1359
519 1518
520 561
520 579
523 532
523 620
523 744
523 850
523 1134
523 1257
524 1183
524 1285
524 1290
524 1312
525 530
525 548
525 730
525 783
525 804
526 925
526 947
526 969
526 970
527 933
527 948
527 1255
528 713
528 914
528 1183
528 1295
530 531
530 783
530 804
531 783
531 804
531 1331
532 850
533 569
533 583
533 1061
533 1430
534 970
534 972
534 979
534 1255
535 712
536 553
536 562
536 563
537 617
537 971
537 1042
537 1107
537 1186
538 663
538 1113
538 1487
538 1488
538 1528
538 1680
539 807
539 833
539 841
539 866
539 935
539 1008
539 1009
540 1045
541 547
541 589
541 698
541 1227
541 1339
542 700
542 907
542 1127
542 1212
543 597
543 1038
543 1203
543 1219
543 1220
543 1233
545 827
545 1199
545 1324
545 1664
546 745
546 782
546 805
546 993
546 1337
546 1338
546 1589
547 551
547 797
547 808
547 1339
547 1554
548 804
548 1003
548 1348
549 961
549 1099
549 1108
549 1142
549 1148
549 1166
549 1573
550 974
550 978
550 1176
550 1403
551 797
551 808
551 1344
551 1881
552 819
552 828
552 867
553 562
553 1336
553 1346
554 914
554 991
554 1321
555 594
555 926
555 1883
556 595
556 609
556 1039
556 1246
556 1309
557 742
557 753
557 754
558 735
558 949
558 1051
558 1129
558 1194
559 715
559 737
559 1674
560 561
560 577
560 578
560 579
561 579
561 580
561 625
561 626
562 563
562 592
562 610
562 1262
562 1292
563 564
563 592
563 610
563 611
564 565
564 611
564 612
564 613
565 566
565 613
566 567
566 613
566 614
567 614
567 615
567 616
567 640
567 941
567 963
568 885
568 886
568 887
568 938
568 1882
569 583
569 700
569 733
569 1074
569 1127
569 1364
570 1149
570 1216
570 1217
570 1223
570 1489
571 583
571 597
571 1038
571 1061
571 1064
572 736
572 1225
573 633
573 743
573 1003
573 1153
573 1208
573 1210
575 858
575 1108
575 1429
575 1445
575 1463
576 577
576 599
576 621
576 622
576 623
576 709
576 1341
577 578
577 599
578 579
578 599
578 624
579 624
579 625
580 581
580 582
580 626
580 627
580 628
581 582
582 600
582 628
582 629
583 1038
583 1061
583 1074
584 853
584 1057
584 1152
584 1207
584 1512
585 1269
585 1270
585 1280
585 1281
585 1294
585 1659
585 1873
586 971
586 1349
586 1412
587 634
587 670
588 604
588 766
588 1025
589 698
589 1316
590 596
590 670
590 1046
590 1163
592 610
593 1042
593 1086
593 1119
593 1286
594 926
595 680
595 757
595 1039
595 1178
595 1750
596 1061
596 1064
596 1163
596 1229
597 641
597 1038
597 1064
597 1203
598 603
598 680
599 623
599 624
600 629
601 622
601 653
601 662
601 673
601 682
602 618
602 666
602 748
602 1164
602 1458
603 609
603 708
603 1122
604 973
604 1025
605 782
606 630
606 1216
607 665
607 747
607 757
607 1039
608 618
608 950
610 611
610 644
610 1262
611 612
611 644
611 645
612 613
612 645
613 614
613 645
613 646
614 615
614 646
614 647
614 648
615 616
615 640
615 648
615 660
616 640
617 1171
617 1186
617 1541
618 1037
618 1123
618 1164
619 852
620 744
620 1134
621 622
621 662
621 709
622 623
622 653
622 654
622 662
623 624
623 654
623 655
624 625
624 655
625 626
625 627
625 655
625 656
625 657
626 627
627 628
627 657
628 629
628 657
628 658
629 635
629 658
632 746
632 796
632 824
632 991
632 1180
632 1321
633 743
633 1153
633 1235
634 670
634 924
634 1181
634 1249
635 658
635 659
635 1262
635 1292
636 1121
636 1201
636 1218
637 640
637 660
637 661
637 964
637 965
637 981
637 995
638 957
638 985
638 1010
638 1153
639 882
639 1179
639 1202
639 1387
639 1423
639 1455
639 1544
640 660
640 963
640 964
641 1203
641 1247
643 1261
643 1536
643 1537
643 1538
644 645
644 690
644 1311
645 646
645 678
645 690
646 647
646 678
646 691
647 648
647 691
647 692
647 693
648 660
648 669
648 693
648 694
649 827
649 1044
649 1195
649 1500
649 1510
652 676
652 962
652 1082
652 1085
653 654
653 682
653 683
654 655
654 683
654 684
655 656
655 684
656 657
656 674
656 684
656 685
656 686
657 658
657 674
657 686
657 687
658 659
658 687
658 688
658 689
659 689
660 661
660 669
660 675
660 694
661 675
661 995
662 673
662 709
662 1282
664 846
664 878
665 1039
665 1309
666 732
666 748
666 1361
667 734
667 743
667 1052
667 1167
668 1238
668 1245
668 1256
669 694
670 924
670 1046
671 960
671 1004
671 1063
671 1107
671 1350
671 1383
673 681
673 682
673 1282
674 686
675 695
675 995
676 1082
676 1090
676 1222
676 1228
676 1232
676 1238
677 1260
678 690
678 691
678 705
679 974
679 1072
679 1079
679 1092
679 1155
679 1202
679 1505
680 1029
680 1178
681 682
681 702
681 717
681 718
681 747
682 683
682 702
682 718
682 719
683 684
683 719
684 685
684 719
684 720
684 721
685 686
685 721
685 722
686 687
686 722
686 723
687 688
687 723
688 689
688 723
689 723
689 724
689 1311
689 1322
690 704
690 705
690 1311
691 692
691 705
691 706
692 693
692 706
693 694
693 706
694 726
694 727
695 707
695 728
695 729
695 995
696 1212
696 1213
696 1215
696 1219
697 776
697 834
697 846
698 1227
698 1316
699 1246
699 1258
699 1271
699 1315
699 1496
700 733
700 1074
700 1127
700 1162
701 778
701 1089
701 1116
701 1139
701 1196
701 1350
701 1517
702 718
704 705
704 1214
704 1311
705 706
705 1214
707 728
709 1099
709 1129
709 1282
709 1341
709 1831
710 901
710 1057
710 1512
711 810
711 839
713 799
713 1183
713 1361
713 1365
714 731
714 820
714 1002
714 1165
714 1167
714 1391
715 737
715 778
715 1196
717 718
717 747
717 757
717 758
717 759
718 719
718 738
718 759
718 760
719 720
719 738
720 721
720 738
720 739
720 740
721 722
721 740
722 723
722 740
722 741
722 762
722 763
723 724
723 741
723 749
723 764
724 725
724 749
724 750
724 1322
725 750
725 1311
725 1322
726 727
727 728
727 742
727 755
728 729
728 755
728 756
729 756
729 765
729 775
729 939
730 777
730 781
730 783
731 924
731 1165
731 1167
731 1181
731 1197
731 1367
732 1361
733 1162
734 1254
735 949
735 1060
735 1194
736 1225
736 1237
737 778
737 801
737 1517
738 739
738 760
739 740
739 760
739 761
739 762
740 762
741 763
741 764
742 754
742 755
743 1052
743 1210
745 993
745 1337
746 796
746 1321
747 757
748 1164
748 1223
748 1243
748 1458
749 750
749 764
749 770
750 751
750 770
751 752
751 770
751 771
752 753
752 792
753 754
753 792
753 793
754 755
754 772
755 756
755 772
755 773
755 774
756 765
756 774
757 758
757 1039
757 1180
757 1750
758 759
758 785
758 786
758 796
758 1180
759 760
759 786
760 761
760 786
760 787
761 762
761 787
761 788
761 789
762 763
762 789
763 764
763 789
763 790
763 791
764 791
765 774
765 775
766 899
766 1025
766 1062
766 1144
766 1344
767 775
767 794
767 810
767 831
767 868
767 892
768 1206
769 786
769 787
769 788
770 771
772 773
773 774
774 775
775 794
775 892
776 834
776 846
776 884
776 895
777 781
777 1135
777 1340
777 1347
777 1531
777 1540
778 1196
778 1517
779 828
779 867
779 1006
780 1104
780 1154
780 1388
780 1399
781 1340
782 784
782 1338
784 883
784 1338
784 1558
784 1569
785 786
785 796
785 894
786 787
786 815
786 894
786 955
787 788
787 955
788 789
789 790
792 793
794 831
795 1021
795 1035
795 1096
795 1126
795 1250
796 842
796 894
796 1180
797 845
797 900
797 977
797 1065
797 1554
797 1881
797 1886
798 801
798 843
798 1120
798 1556
799 1361
800 1272
800 1333
801 843
801 1517
801 1553
801 1556
802 803
802 813
802 1115
803 813
803 1115
803 1870
803 1876
803 1880
804 1299
804 1331
804 1348
805 833
805 847
805 917
805 954
805 993
805 1589
806 831
807 833
807 841
807 993
807 1006
807 1008
807 1009
807 1351
808 1081
808 1339
809 817
809 835
809 1855
809 1856
810 831
810 868
810 874
811 830
811 1410
812 1141
812 1872
812 1878
813 814
813 1870
813 1879
813 1880
814 1865
814 1866
814 1879
815 842
815 848
815 869
815 894
815 955
816 832
816 863
816 898
816 918
816 920
817 835
817 836
817 1856
818 825
818 852
818 897
819 828
819 878
820 1165
820 1197
820 1884
821 913
821 916
821 923
821 996
821 997
822 845
822 860
822 900
822 919
822 975
822 977
823 1844
823 1854
823 1855
823 1866
824 1178
824 1180
825 848
825 897
825 898
826 1862
826 1868
826 1874
826 1878
827 1195
827 1199
827 1465
828 841
828 866
828 867
828 878
829 838
829 840
829 854
829 1015
829 1803
829 1804
829 1820
829 1821
830 850
830 856
832 844
832 875
832 918
832 920
832 936
832 980
833 841
833 847
833 873
833 935
833 954
833 993
833 1008
833 1589
834 846
834 877
834 883
834 887
834 895
834 917
835 836
835 837
835 879
835 888
836 837
837 838
837 888
837 889
837 890
838 840
838 890
838 891
839 913
839 923
839 999
839 1000
840 854
840 891
841 847
841 866
841 873
841 878
841 1006
841 1351
842 859
842 869
842 894
844 855
844 876
844 980
845 860
845 861
845 885
845 900
845 940
845 977
845 1065
846 847
846 878
846 917
846 953
847 873
847 878
847 917
848 869
848 880
848 922
848 955
849 869
850 856
850 1257
850 1557
851 860
851 861
853 951
853 1189
853 1190
853 1191
853 1207
854 891
855 876
855 922
856 1556
856 1557
857 864
857 870
857 1808
858 1108
858 1463
858 1472
858 1473
859 869
860 861
861 885
862 897
863 876
863 898
863 920
863 922
864 865
864 870
864 871
864 872
864 1785
864 1786
864 1791
864 1808
865 872
865 881
865 893
865 1031
865 1040
865 1054
865 1791
869 880
869 922
870 871
870 872
871 872
872 881
872 893
872 903
875 918
876 920
876 922
876 980
877 883
877 917
877 1007
877 1589
879 888
879 902
879 908
879 909
881 893
882 1072
882 1128
882 1179
882 1388
882 1423
882 1464
883 887
883 1338
883 1558
883 1569
883 1882
884 895
885 921
885 938
885 940
886 887
886 895
886 921
886 938
887 895
888 889
888 890
888 909
888 910
889 890
890 891
890 904
890 910
891 904
891 911
893 903
893 905
893 1054
893 1066
893 1100
895 921
896 1118
896 1182
896 1296
896 1397
896 1398
899 975
899 977
899 1344
899 1881
900 977
902 908
903 905
903 915
904 910
904 911
904 930
905 915
905 934
905 1100
906 986
906 994
906 1143
906 1438
906 1573
906 1867
907 958
907 1212
907 1213
907 1215
908 909
908 927
909 910
909 927
909 928
909 929
910 911
910 929
910 930
911 912
911 930
911 931
911 932
912 925
912 932
913 923
914 991
914 1029
914 1114
914 1295
915 933
915 934
917 954
920 980
921 938
923 997
923 998
923 999
924 1046
924 1181
924 1367
925 932
925 947
926 1002
926 1883
926 1885
927 928
927 937
927 941
927 942
928 929
928 937
928 942
928 943
928 944
929 930
929 944
929 945
930 931
930 945
931 932
931 945
932 945
932 946
932 947
933 934
933 948
934 948
934 1100
934 1130
934 1158
935 1008
937 942
940 1065
941 942
941 963
941 964
942 943
942 944
942 964
942 965
943 944
943 965
944 945
944 956
944 965
945 946
945 956
945 966
945 967
946 947
946 967
946 968
947 968
947 969
948 1158
948 1255
949 959
949 1051
950 1221
951 1191
951 1207
956 965
956 966
957 985
957 1010
957 1149
957 1216
957 1217
957 1264
958 1215
959 1143
959 1871
959 1877
960 1004
960 1030
960 1063
960 1418
961 1099
961 1108
961 1148
961 1277
961 1310
962 1082
962 1090
962 1104
962 1128
962 1138
962 1179
962 1417
962 1439
963 964
964 965
965 966
965 976
965 981
966 967
966 976
966 983
966 984
967 968
967 984
968 969
968 984
968 987
968 988
969 970
969 988
969 989
970 972
970 989
970 990
971 1107
971 1139
971 1412
972 979
972 990
973 1239
974 1001
974 1092
974 1403
975 977
976 981
976 982
976 983
977 1881
978 1073
978 1176
978 1403
978 1411
978 1418
978 1501
979 990
979 1187
979 1204
979 1236
979 1255
981 982
981 995
982 983
982 995
982 996
983 984
983 996
983 997
983 998
984 987
984 998
986 1438
986 1440
986 1445
987 988
987 998
987 999
987 1000
988 989
988 1000
989 990
989 1000
990 1204
991 1321
992 1121
992 1218
992 1492
992 1493
993 1337
993 1351
993 1589
994 1573
995 996
996 997
997 998
998 999
999 1000
1001 1072
1001 1092
1001 1293
1002 1052
1002 1391
1002 1885
1003 1208
1004 1087
1004 1286
1004 1383
1004 1418
1004 1475
1006 1009
1006 1351
1007 1589
1007 1882
1010 1053
1010 1149
1010 1489
1011 1012
1011 1018
1011 1026
1011 1036
1011 1697
1011 1713
1011 1721
1011 1722
1011 1723
1012 1013
1012 1014
1012 1026
1012 1027
1012 1697
1013 1014
1013 1019
1013 1027
1014 1019
1014 1020
1014 1546
1014 1549
1014 1688
1014 1697
1014 1704
1015 1820
1015 1835
1016 1017
1016 1022
1016 1023
1016 1740
1016 1756
1016 1757
1017 1023
1017 1024
1017 1034
1017 1559
1017 1570
1017 1740
1018 1026
1018 1036
1019 1020
1019 1027
1019 1028
1020 1028
1020 1049
1020 1526
1020 1549
1020 1561
1021 1126
1021 1250
1021 1296
1021 1398
1021 1399
1022 1023
1022 1031
1022 1032
1022 1033
1022 1034
1022 1757
1022 1763
1023 1034
1024 1559
1024 1560
1024 1568
1024 1570
1026 1027
1026 1036
1026 1043
1026 1048
1026 1055
1027 1028
1027 1049
1027 1055
1027 1056
1028 1049
1029 1114
1029 1178
1030 1063
1030 1272
1031 1032
1031 1040
1031 1763
1031 1786
1031 1791
1032 1033
1032 1040
1032 1041
1032 1066
1032 1067
1032 1068
1032 1075
1033 1034
1033 1041
1034 1041
1034 1047
1034 1570
1035 1057
1035 1096
1035 1126
1035 1408
1036 1043
1036 1071
1036 1559
1036 1560
1036 1723
1036 1724
1038 1074
1039 1309
1040 1054
1040 1066
1041 1047
1041 1068
1041 1069
1042 1107
1042 1286
1042 1383
1043 1048
1043 1055
1043 1071
1043 1076
1043 1077
1043 1084
1044 1113
1044 1474
1044 1500
1044 1504
1044 1522
1046 1163
1046 1197
1046 1229
1046 1367
1047 1069
1047 1070
1047 1570
1047 1582
1047 1584
1049 1055
1049 1056
1049 1078
1049 1094
1049 1112
1049 1561
1049 1585
1050 1083
1050 1177
1050 1368
1050 1508
1051 1129
1051 1166
1052 1167
1052 1391
1054 1066
1055 1056
1055 1077
1055 1078
1055 1093
1057 1126
1057 1512
1057 1520
1058 1097
1058 1133
1058 1147
1058 1159
1058 1160
1058 1224
1058 1483
1059 1069
1059 1070
1059 1075
1059 1102
1059 1133
1059 1147
1059 1523
1061 1064
1062 1144
1062 1531
1063 1196
1063 1272
1064 1163
1064 1229
1064 1884
1065 1886
1066 1067
1066 1100
1066 1101
1067 1075
1067 1101
1067 1102
1068 1069
1068 1075
1069 1070
1069 1075
1070 1523
1070 1582
1070 1590
1071 1076
1071 1560
1071 1568
1071 1570
1071 1582
1072 1092
1072 1202
1072 1293
1072 1387
1072 1423
1072 1464
1073 1176
1073 1500
1073 1501
1073 1510
1075 1102
1076 1084
1076 1093
1076 1105
1076 1110
1076 1582
1077 1078
1077 1084
1077 1093
1077 1094
1078 1094
1079 1080
1079 1155
1079 1505
1079 1511
1080 1086
1080 1087
1080 1095
1080 1395
1080 1505
1080 1511
1082 1090
1083 1353
1083 1362
1083 1368
1083 1508
1083 1689
1084 1093
1086 1087
1086 1095
1086 1103
1086 1119
1086 1286
1087 1286
1087 1395
1087 1418
1087 1475
1088 1358
1088 1507
1088 1532
1088 1552
1088 1565
1088 1566
1089 1116
1089 1139
1089 1343
1089 1410
1089 1412
1090 1138
1090 1238
1090 1242
1090 1455
1091 1278
1091 1360
1091 1555
1091 1769
1091 1770
1092 1403
1092 1505
1093 1094
1093 1105
1093 1111
1093 1117
1094 1112
1094 1117
1094 1585
1095 1103
1095 1511
1096 1408
1096 1506
1097 1140
1097 1147
1097 1168
1097 1184
1097 1187
1097 1188
1097 1224
1097 1231
1098 1176
1098 1195
1098 1359
1098 1465
1098 1510
1099 1129
1099 1142
1099 1148
1099 1276
1099 1277
1099 1282
1099 1831
1100 1101
1100 1130
1100 1131
1101 1102
1101 1131
1101 1132
1101 1133
1102 1133
1103 1119
1103 1519
1103 1535
1104 1388
1104 1417
1104 1506
1105 1110
1105 1111
1105 1136
1106 1363
1106 1502
1106 1527
1106 1640
1107 1139
1107 1350
1107 1383
1108 1310
1108 1429
1108 1473
1108 1481
1108 1482
1108 1573
1109 1177
1109 1381
1109 1437
1109 1499
1109 1508
1109 1509
1109 1515
1109 1567
1110 1124
1110 1136
1110 1146
1110 1582
1111 1117
1111 1125
1111 1136
1111 1137
1112 1117
1112 1561
1112 1571
1112 1585
1113 1342
1113 1474
1113 1504
1113 1528
1114 1178
1115 1874
1115 1875
1115 1876
1116 1343
1116 1517
1116 1553
1117 1125
1117 1137
1117 1150
1117 1151
1117 1521
1117 1585
1118 1182
1118 1199
1118 1296
1118 1324
1118 1459
1118 1503
1118 1518
1119 1519
1121 1218
1121 1493
1121 1494
1123 1164
1124 1140
1124 1145
1124 1146
1124 1523
1124 1582
1124 1590
1125 1137
1126 1250
1126 1469
1126 1520
1127 1364
1128 1179
1128 1388
1128 1417
1128 1439
1129 1142
1129 1166
1129 1194
1129 1341
1129 1831
1130 1131
1130 1132
1130 1158
1131 1132
1132 1133
1132 1158
1132 1159
1133 1147
1133 1159
1133 1160
1133 1483
1135 1144
1135 1340
1135 1344
1135 1531
1135 1540
1136 1137
1136 1146
1136 1150
1136 1161
1136 1170
1137 1150
1138 1179
1138 1455
1139 1350
1139 1412
1140 1145
1140 1147
1140 1168
1140 1523
1141 1659
1141 1872
1141 1873
1142 1166
1143 1857
1143 1867
1143 1871
1144 1344
1144 1531
1145 1146
1145 1168
1145 1169
1145 1172
1146 1161
1146 1172
1146 1173
1147 1483
1147 1523
1149 1217
1149 1489
1150 1151
1150 1170
1150 1174
1151 1174
1151 1175
1151 1521
1151 1530
1151 1620
1152 1207
1152 1363
1152 1520
1154 1293
1154 1388
1154 1464
1155 1202
1155 1542
1155 1543
1156 1874
1157 1182
1157 1397
1157 1469
1157 1502
1158 1159
1158 1236
1158 1255
1159 1160
1159 1224
1159 1236
1161 1170
1161 1173
1163 1229
1165 1197
1167 1391
1168 1169
1168 1172
1168 1188
1169 1172
1170 1173
1170 1174
1170 1190
1170 1191
1170 1192
1171 1186
1172 1173
1172 1188
1172 1189
1172 1190
1173 1190
1174 1175
1174 1192
1174 1193
1175 1193
1175 1620
1176 1510
1177 1368
1177 1381
1177 1508
1178 1180
1178 1750
1179 1439
1179 1455
1180 1750
1181 1367
1182 1324
1182 1397
1182 1502
1182 1671
1182 1681
1183 1290
1183 1295
1183 1308
1184 1187
1184 1188
1184 1205
1184 1206
1185 1323
1185 1326
1185 1352
1187 1204
1187 1205
1187 1231
1187 1236
1188 1189
1188 1206
1189 1190
1190 1191
1191 1192
1191 1207
1192 1193
1192 1207
1192 1363
1193 1363
1193 1527
1193 1620
1194 1341
1195 1465
1195 1510
1197 1229
1197 1367
1197 1884
1198 1337
1199 1324
1199 1459
1199 1465
1199 1503
1202 1387
1202 1543
1202 1544
1203 1233
1203 1247
1203 1248
1204 1205
1205 1206
1207 1363
1209 1355
1209 1368
1209 1374
1209 1381
1209 1382
1209 1386
1209 1396
1211 1212
1212 1213
1213 1215
1216 1217
1216 1223
1219 1220
1219 1233
1219 1234
1219 1240
1222 1226
1222 1228
1223 1243
1223 1446
1224 1230
1224 1231
1224 1236
1225 1226
1225 1237
1226 1228
1226 1237
1226 1241
1227 1339
1228 1232
1228 1241
1228 1244
1228 1251
1229 1884
1230 1231
1230 1236
1231 1236
1232 1238
1232 1251
1233 1234
1233 1248
1234 1240
1234 1248
1234 1253
1234 1254
1236 1255
1237 1241
1237 1259
1238 1242
1238 1245
1238 1251
1238 1256
1240 1249
1240 1254
1241 1244
1241 1251
1241 1259
1241 1260
1242 1245
1242 1455
1243 1446
1244 1251
1245 1252
1245 1455
1245 1539
1246 1271
1246 1309
1247 1248
1247 1263
1248 1253
1248 1254
1249 1254
1250 1397
1250 1398
1250 1469
1251 1256
1252 1261
1252 1538
1252 1539
1257 1557
1258 1271
1258 1302
1258 1310
1258 1315
1258 1481
1259 1260
1261 1538
1262 1292
1265 1266
1265 1275
1265 1288
1265 1787
1265 1792
1265 1809
1265 1822
1266 1267
1266 1279
1266 1288
1266 1289
1266 1822
1266 1836
1267 1268
1267 1269
1267 1279
1267 1836
1268 1269
1268 1279
1268 1280
1268 1289
1268 1298
1268 1370
1268 1379
1268 1380
1269 1270
1269 1280
1269 1836
1269 1858
1270 1858
1270 1873
1271 1284
1271 1302
1271 1309
1272 1333
1272 1474
1272 1501
1273 1274
1273 1275
1273 1769
1273 1770
1273 1792
1274 1275
1274 1278
1274 1287
1274 1288
1274 1304
1274 1305
1274 1769
1275 1287
1275 1288
1275 1792
1276 1277
1276 1282
1276 1297
1277 1297
1277 1302
1277 1310
1278 1303
1278 1304
1278 1360
1278 1769
1279 1289
1280 1294
1280 1298
1283 1290
1283 1308
1284 1302
1284 1309
1285 1312
1286 1383
1287 1288
1288 1289
1288 1305
1288 1306
1288 1307
1289 1307
1289 1370
1289 1373
1289 1378
1290 1308
1291 1300
1293 1464
1294 1298
1294 1317
1295 1308
1296 1398
1296 1399
1297 1302
1298 1317
1298 1380
1299 1331
1299 1348
1302 1310
1303 1304
1303 1360
1303 1369
1303 1377
1304 1305
1304 1377
1305 1306
1305 1313
1305 1318
1305 1377
1305 1393
1306 1307
1306 1313
1307 1313
1307 1314
1307 1378
1310 1481
1310 1482
1311 1322
1312 1319
1313 1314
1313 1318
1314 1318
1314 1323
1314 1326
1314 1378
1315 1473
1315 1481
1315 1496
1317 1327
1317 1379
1317 1380
1318 1352
1318 1393
1318 1416
1323 1326
1324 1503
1324 1663
1324 1664
1324 1681
1325 1330
1326 1327
1326 1378
1327 1328
1327 1378
1327 1379
1327 1394
1328 1329
1330 1334
1331 1616
1332 1336
1334 1335
1335 1336
1335 1345
1335 1346
1336 1346
1337 1351
1338 1589
1338 1882
1342 1504
1342 1528
1342 1668
1342 1669
1342 1680
1343 1553
1344 1881
1345 1346
1347 1531
1347 1541
1347 1545
1349 1410
1349 1412
1352 1416
1352 1861
1353 1354
1353 1355
1353 1362
1353 1689
1354 1355
1354 1356
1354 1357
1354 1689
1355 1357
1355 1362
1355 1368
1355 1374
1355 1375
1356 1357
1356 1498
1356 1529
1356 1689
1356 1706
1356 1717
1357 1372
1357 1375
1357 1376
1357 1498
1357 1529
1358 1532
1358 1548
1358 1552
1358 1683
1358 1685
1359 1465
1359 1518
1360 1366
1360 1369
1360 1497
1360 1555
1361 1365
1362 1368
1363 1527
1366 1369
1366 1497
1366 1525
1368 1381
1368 1382
1369 1377
1369 1384
1369 1390
1369 1513
1369 1525
1370 1373
1370 1379
1372 1376
1372 1389
1372 1452
1372 1513
1372 1529
1373 1378
1373 1379
1374 1375
1374 1386
1375 1376
1375 1386
1376 1386
1376 1389
1376 1402
1376 1404
1376 1588
1377 1390
1377 1393
1378 1379
1378 1394
1379 1380
1379 1394
1381 1382
1381 1396
1381 1406
1381 1499
1384 1389
1384 1390
1384 1393
1384 1404
1384 1405
1384 1452
1384 1513
1385 1446
1386 1396
1386 1400
1386 1401
1386 1402
1387 1423
1388 1417
1388 1464
1389 1404
1389 1513
1390 1393
1393 1405
1393 1414
1393 1415
1393 1416
1395 1403
1395 1411
1395 1418
1395 1505
1396 1400
1396 1406
1396 1407
1397 1398
1397 1469
1400 1401
1400 1406
1400 1407
1400 1421
1400 1422
1400 1587
1400 1601
1401 1402
1401 1587
1402 1587
1402 1588
1402 1601
1402 1602
1403 1411
1403 1505
1404 1405
1404 1413
1404 1588
1405 1413
1405 1414
1406 1407
1406 1409
1406 1420
1406 1421
1406 1499
1409 1419
1409 1420
1409 1499
1409 1567
1409 1581
1409 1586
1410 1412
1411 1418
1413 1414
1413 1588
1413 1603
1413 1612
1414 1415
1414 1612
1414 1615
1414 1618
1415 1416
1415 1426
1415 1615
1415 1846
1415 1857
1416 1857
1416 1861
1418 1475
1419 1420
1419 1424
1419 1586
1419 1596
1420 1421
1420 1424
1420 1433
1421 1422
1421 1425
1421 1433
1421 1434
1422 1425
1422 1435
1422 1436
1422 1601
1422 1611
1422 1613
1424 1431
1424 1432
1424 1433
1424 1596
1425 1434
1425 1435
1426 1427
1426 1428
1426 1443
1426 1453
1426 1615
1426 1619
1426 1637
1426 1845
1426 1846
1427 1428
1427 1443
1427 1444
1428 1438
1428 1440
1428 1441
1428 1444
1428 1845
1428 1846
1428 1857
1428 1867
1429 1573
1431 1432
1431 1595
1431 1596
1431 1610
1431 1617
1431 1630
1431 1631
1432 1433
1432 1447
1432 1596
1432 1631
1433 1434
1433 1442
1433 1447
1433 1448
1434 1435
1434 1442
1435 1436
1435 1442
1435 1449
1435 1450
1436 1450
1436 1451
1436 1613
1436 1633
1437 1507
1437 1509
1437 1515
1437 1532
1437 1684
1437 1685
1438 1440
1438 1441
1438 1867
1440 1441
1440 1444
1440 1445
1440 1454
1440 1457
1440 1462
1442 1448
1442 1449
1443 1444
1443 1453
1444 1453
1444 1456
1444 1460
1444 1461
1444 1462
1445 1454
1445 1457
1445 1463
1447 1448
1447 1449
1447 1466
1447 1470
1447 1631
1447 1638
1448 1449
1449 1450
1449 1466
1449 1467
1449 1470
1450 1451
1450 1467
1450 1468
1450 1633
1450 1651
1451 1633
1451 1651
1452 1497
1452 1513
1452 1516
1452 1525
1452 1529
1453 1456
1453 1471
1453 1637
1453 1639
1453 1658
1454 1457
1455 1539
1455 1544
1456 1460
1456 1658
1457 1462
1457 1463
1457 1479
1457 1480
1459 1465
1459 1518
1460 1461
1460 1462
1460 1471
1460 1476
1460 1477
1460 1478
1460 1658
1460 1670
1461 1462
1462 1478
1462 1479
1463 1472
1463 1480
1465 1518
1466 1470
1466 1487
1466 1638
1466 1650
1467 1468
1467 1470
1467 1484
1467 1488
1468 1484
1468 1485
1468 1651
1470 1487
1470 1488
1471 1476
1471 1639
1471 1657
1471 1658
1471 1670
1471 1677
1471 1678
1472 1473
1472 1480
1472 1486
1472 1494
1472 1495
1472 1496
1473 1481
1473 1496
1474 1500
1474 1501
1474 1514
1474 1522
1476 1477
1476 1678
1477 1478
1477 1490
1477 1491
1478 1479
1478 1491
1479 1480
1479 1486
1479 1491
1479 1492
1479 1493
1480 1486
1481 1482
1484 1485
1484 1488
1484 1672
1484 1682
1485 1651
1485 1672
1485 1682
1486 1493
1486 1494
1487 1488
1487 1650
1487 1669
1487 1680
1490 1491
1491 1492
1492 1493
1493 1494
1494 1495
1495 1496
1497 1516
1497 1525
1497 1555
1498 1529
1499 1567
1500 1501
1500 1510
1500 1514
1500 1522
1501 1514
1502 1640
1502 1641
1502 1671
1504 1667
1504 1668
1507 1515
1507 1532
1507 1566
1508 1509
1508 1686
1508 1689
1508 1690
1509 1684
1509 1686
1513 1525
1514 1522
1515 1566
1515 1567
1516 1529
1516 1555
1516 1741
1516 1746
1517 1553
1519 1533
1519 1535
1521 1530
1521 1583
1521 1585
1521 1597
1523 1590
1524 1647
1524 1666
1524 1667
1526 1546
1526 1549
1526 1550
1526 1561
1526 1562
1527 1620
1527 1640
1528 1680
1529 1717
1529 1741
1530 1597
1530 1606
1530 1620
1530 1621
1531 1534
1531 1540
1531 1541
1532 1685
1534 1541
1535 1536
1535 1537
1535 1542
1536 1537
1537 1538
1537 1542
1538 1539
1538 1542
1538 1543
1539 1543
1539 1544
1542 1543
1543 1544
1546 1547
1546 1549
1546 1550
1546 1687
1546 1688
1547 1548
1547 1550
1547 1551
1547 1687
1548 1551
1548 1552
1548 1683
1548 1687
1548 1691
1550 1551
1550 1562
1550 1563
1551 1552
1551 1563
1551 1564
1552 1564
1552 1565
1553 1556
1555 1746
1555 1764
1555 1770
1556 1557
1558 1569
1558 1882
1559 1560
1559 1723
1559 1724
1559 1731
1559 1740
1560 1568
1560 1570
1560 1731
1561 1562
1561 1571
1562 1563
1562 1571
1562 1572
1563 1564
1563 1572
1563 1574
1563 1575
1564 1565
1564 1575
1564 1576
1564 1577
1565 1566
1565 1577
1565 1578
1566 1567
1566 1578
1566 1579
1566 1580
1566 1581
1567 1581
1568 1570
1570 1582
1570 1584
1571 1572
1571 1583
1571 1585
1572 1574
1572 1583
1574 1575
1574 1583
1574 1591
1574 1592
1574 1597
1574 1598
1575 1576
1575 1577
1575 1592
1576 1577
1577 1578
1577 1592
1577 1593
1577 1600
1578 1579
1578 1593
1578 1594
1578 1595
1579 1580
1579 1586
1579 1595
1579 1596
1580 1581
1580 1586
1581 1586
1582 1584
1582 1590
1583 1585
1583 1597
1586 1596
1587 1601
1588 1602
1588 1603
1589 1882
1591 1592
1591 1598
1591 1599
1591 1600
1592 1600
1593 1594
1593 1600
1593 1608
1593 1609
1594 1595
1594 1604
1594 1609
1595 1596
1595 1604
1595 1610
1597 1598
1597 1606
1598 1599
1598 1606
1598 1607
1599 1600
1599 1607
1600 1607
1600 1608
1601 1602
1601 1611
1602 1603
1602 1605
1602 1611
1602 1613
1603 1605
1603 1612
1603 1614
1604 1609
1604 1610
1604 1626
1604 1627
1604 1628
1605 1613
1605 1614
1606 1607
1606 1621
1606 1622
1606 1623
1607 1608
1607 1623
1607 1624
1608 1609
1608 1624
1608 1625
1608 1626
1609 1626
1610 1617
1610 1628
1610 1629
1610 1630
1611 1613
1612 1614
1612 1618
1612 1635
1612 1636
1613 1614
1613 1633
1614 1633
1614 1634
1614 1635
1615 1618
1615 1619
1617 1630
1618 1619
1618 1632
1618 1636
1619 1632
1619 1637
1620 1621
1620 1640
1621 1622
1621 1640
1621 1641
1622 1623
1622 1641
1622 1642
1623 1624
1623 1642
1623 1643
1624 1625
1624 1643
1625 1626
1625 1643
1625 1644
1626 1627
1626 1628
1626 1644
1626 1645
1626 1646
1627 1628
1628 1629
1628 1646
1628 1647
1629 1630
1629 1647
1629 1648
1629 1649
1630 1631
1630 1638
1630 1649
1630 1650
1631 1638
1632 1636
1632 1637
1632 1639
1633 1634
1633 1651
1633 1652
1634 1635
1634 1652
1634 1653
1634 1654
1635 1636
1635 1654
1635 1655
1636 1639
1636 1655
1636 1656
1636 1657
1637 1639
1638 1650
1639 1657
1640 1641
1641 1642
1641 1662
1641 1671
1642 1643
1642 1662
1643 1644
1643 1662
1643 1663
1643 1664
1644 1645
1644 1664
1645 1646
1645 1664
1645 1665
1646 1647
1646 1665
1646 1666
1647 1648
1647 1666
1647 1667
1648 1649
1648 1667
1649 1650
1649 1667
1649 1668
1649 1669
1650 1669
1651 1652
1651 1653
1651 1672
1652 1653
1653 1654
1653 1660
1653 1672
1653 1673
1654 1655
1654 1660
1655 1656
1655 1660
1656 1657
1656 1660
1656 1661
1657 1661
1657 1676
1657 1677
1659 1873
1660 1661
1660 1673
1660 1674
1660 1675
1661 1675
1661 1676
1662 1663
1662 1671
1663 1664
1663 1671
1663 1681
1664 1665
1664 1666
1665 1666
1666 1679
1667 1668
1668 1669
1669 1680
1671 1681
1672 1673
1672 1682
1673 1674
1674 1675
1675 1676
1676 1677
1676 1678
1677 1678
1683 1685
1683 1691
1683 1692
1683 1693
1683 1694
1684 1685
1684 1686
1684 1699
1684 1700
1684 1701
1685 1692
1685 1701
1686 1690
1686 1698
1686 1699
1687 1688
1687 1691
1687 1695
1687 1696
1688 1696
1688 1703
1688 1704
1689 1690
1689 1706
1689 1707
1690 1698
1690 1707
1691 1694
1691 1695
1692 1693
1692 1701
1692 1702
1693 1694
1693 1702
1694 1695
1694 1702
1694 1711
1694 1715
1694 1716
1695 1696
1695 1709
1695 1711
1696 1703
1696 1709
1697 1704
1697 1712
1697 1713
1698 1699
1698 1707
1698 1708
1699 1700
1699 1701
1699 1708
1700 1701
1701 1702
1701 1708
1701 1719
1701 1727
1702 1715
1702 1719
1703 1704
1703 1705
1703 1709
1704 1705
1704 1712
1705 1709
1705 1712
1705 1720
1706 1707
1706 1710
1706 1714
1706 1717
1706 1718
1706 1725
1707 1708
1707 1710
1707 1714
1707 1725
1707 1726
1708 1726
1708 1727
1709 1711
1709 1720
1709 1728
1710 1714
1711 1716
1711 1728
1711 1732
1712 1713
1712 1720
1712 1729
1712 1730
1712 1733
1713 1721
1713 1730
1714 1725
1715 1716
1715 1719
1715 1732
1715 1735
1715 1736
1716 1732
1717 1718
1717 1734
1717 1741
1717 1742
1718 1725
1718 1726
1718 1734
1719 1727
1719 1735
1719 1744
1720 1728
1720 1729
1720 1737
1720 1745
1721 1722
1721 1730
1722 1723
1722 1738
1723 1724
1723 1731
1723 1738
1723 1739
1723 1740
1725 1726
1725 1743
1726 1727
1726 1743
1727 1743
1727 1744
1728 1732
1728 1745
1728 1747
1729 1733
1729 1737
1730 1733
1730 1749
1731 1740
1732 1736
1732 1747
1732 1753
1733 1737
1733 1745
1733 1748
1733 1749
1733 1754
1734 1742
1734 1751
1735 1736
1735 1744
1735 1752
1735 1760
1736 1752
1736 1753
1737 1745
1738 1739
1738 1755
1738 1762
1739 1740
1739 1755
1740 1755
1740 1756
1741 1742
1741 1746
1741 1758
1741 1759
1741 1764
1742 1751
1742 1759
1743 1744
1743 1760
1743 1766
1744 1760
1745 1747
1745 1754
1745 1767
1746 1764
1747 1753
1747 1767
1747 1774
1748 1749
1748 1754
1748 1761
1748 1768
1748 1775
1751 1759
1751 1765
1751 1771
1751 1781
1752 1753
1752 1760
1752 1773
1752 1782
1753 1773
1753 1774
1754 1761
1754 1767
1754 1783
1754 1788
1755 1756
1755 1762
1755 1777
1756 1757
1756 1777
1756 1778
1756 1779
1757 1763
1757 1779
1757 1785
1758 1759
1758 1764
1758 1780
1759 1780
1759 1781
1760 1766
1760 1782
1761 1775
1761 1783
1762 1777
1762 1784
1763 1785
1763 1786
1764 1770
1764 1780
1764 1787
1764 1792
1765 1771
1765 1772
1767 1774
1767 1788
1767 1794
1768 1775
1768 1776
1768 1783
1768 1789
1769 1770
1770 1792
1771 1772
1771 1781
1771 1793
1771 1796
1772 1793
1773 1774
1773 1782
1773 1797
1773 1798
1774 1794
1774 1798
1775 1783
1776 1789
1776 1790
1777 1778
1777 1779
1777 1784
1777 1802
1777 1803
1778 1779
1779 1785
1779 1803
1779 1804
1780 1781
1780 1787
1780 1805
1782 1797
1783 1788
1783 1789
1783 1799
1784 1795
1784 1801
1784 1802
1785 1786
1785 1804
1785 1808
1786 1791
1787 1792
1787 1805
1787 1809
1788 1794
1788 1799
1788 1811
1788 1812
1789 1790
1789 1799
1789 1806
1789 1813
1790 1795
1790 1800
1790 1807
1790 1813
1793 1796
1793 1797
1793 1810
1794 1798
1794 1811
1794 1815
1795 1800
1795 1801
1797 1798
1797 1810
1797 1814
1798 1814
1798 1815
1799 1806
1799 1812
1799 1813
1799 1817
1800 1801
1800 1807
1800 1819
1801 1802
1801 1803
1801 1819
1801 1820
1801 1821
1802 1803
1803 1804
1803 1821
1804 1808
1805 1809
1805 1816
1805 1822
1806 1813
1807 1813
1807 1818
1807 1819
1807 1824
1809 1822
1810 1814
1810 1826
1810 1827
1810 1828
1811 1812
1811 1815
1811 1823
1811 1829
1811 1830
1812 1817
1812 1823
1813 1817
1813 1818
1813 1833
1813 1841
1814 1815
1814 1828
1815 1828
1815 1829
1816 1822
1816 1836
1816 1837
1817 1823
1817 1841
1818 1824
1818 1833
1819 1820
1819 1824
1819 1825
1819 1834
1819 1842
1820 1821
1820 1834
1820 1835
1822 1836
1823 1830
1823 1840
1823 1841
1824 1825
1824 1833
1825 1842
1826 1827
1826 1832
1827 1828
1827 1832
1827 1839
1827 1848
1827 1849
1828 1829
1828 1839
1828 1850
1828 1851
1828 1853
1829 1830
1829 1843
1829 1851
1830 1840
1830 1843
1832 1838
1832 1847
1832 1848
1833 1841
1834 1835
1834 1842
1834 1855
1834 1856
1836 1837
1836 1858
1837 1838
1837 1847
1837 1852
1837 1858
1838 1847
1839 1849
1839 1853
1840 1841
1840 1843
1840 1859
1840 1860
1841 1860
1842 1844
1842 1855
1843 1851
1843 1859
1843 1864
1844 1854
1844 1855
1845 1846
1846 1857
1847 1848
1847 1852
1847 1868
1847 1872
1848 1849
1848 1862
1848 1868
1849 1853
1849 1862
1849 1863
1850 1851
1850 1853
1850 1869
1851 1864
1851 1869
1852 1858
1852 1872
1854 1865
1854 1866
1855 1856
1857 1861
1857 1867
1857 1871
1858 1872
1858 1873
1859 1860
1859 1864
1861 1871
1862 1863
1862 1868
1862 1874
1863 1874
1863 1875
1864 1869
1865 1866
1865 1870
1865 1879
1868 1872
1868 1878
1870 1876
1870 1879
1870 1880
1871 1877
1872 1873
1872 1878
1874 1875
1875 1876
1883 1885
